49 15 36 0
18 4 8 70
19 3 10 68
26 1 12 61
31 2 13 54
26 4 17 53
34 1 14 51
24 1 17 58
38 0 9 53
38 2 16 44
33 3 19 45
41 3 22 34
36 9 14 41
55 3 20 22
52 12 6 30
46 2 20 32
73 1 11 15
53 3 19 25
50 5 11 34
29 17 23 31
32 6 22 40
35 5 33 27
73 8 6 13
48 8 20 24
58 20 6 16
51 27 8 14
39 4 16 41
70 4 9 17
40 28 11 21
37 20 25 18
81 2 4 13
24 74 2 0
41 17 18 24
61 6 16 17
33 28 16 23
40 2 32 26
66 2 20 12
67 10 12 11
21 0 66 13
51 24 12 13
78 4 12 6
57 36 4 3
51 37 5 7
56 23 11 10
40 10 10 40
62 25 6 7
47 46 5 2
35 1 43 21
19 4 32 45
15 3 50 32
28 0 36 36
94 0 4 2
79 3 9 9
15 61 5 19
64 3 7 26
8 7 34 51
26 37 10 27
72 5 10 13
75 12 5 8
74 2 11 13
30 1 16 53
76 7 8 9
93 0 5 2
83 0 6 11
10 0 53 37
26 1 29 44
83 2 8 7
51 32 13 4
33 57 3 7
87 0 5 8
48 5 15 32
17 0 23 60
49 0 19 32
10 49 3 38
9 87 1 3
18 61 11 10
79 0 6 15
94 5 1 0
64 7 12 17
11 0 22 67
49 1 8 42
46 0 7 47
77 4 3 16
31 2 20 47
43 37 3 17
44 56 0 0
66 31 0 3
62 19 1 18
70 0 0 30
63 5 14 18
46 1 45 8
45 44 4 7
85 1 4 10
96 0 3 1
50 24 8 18
61 37 1 1
83 16 1 0
82 0 8 10
35 0 34 31
58 0 34 8
75 1 6 18
40 58 0 2
3 86 3 8
7 50 9 34
45 28 7 20
15 81 1 3
51 38 6 5
69 0 6 25
8 46 4 42
25 68 1 6
92 3 1 4
87 0 4 9
93 2 3 2
99 0 0 1
99 0 1 0
98 0 1 1
33 7 8 52
61 20 3 16
48 2 33 17
47 0 16 37
96 0 2 2
8 84 2 6
29 42 9 20
73 13 4 10
91 0 4 5
99 1 0 0
97 2 0 1
87 2 3 8
5 9 62 24
90 0 5 5
99 0 1 0
88 0 3 9
77 4 6 13
94 2 2 2
98 1 1 0
94 1 3 2
91 3 1 5
66 0 7 27
100 0 0 0
70 1 14 15
74 0 7 19
60 5 13 22
99 0 0 1
94 1 1 4
53 45 1 1
14 71 5 10
5 50 8 37
2 67 24 7
0 0 100 0
21 0 38 41
27 25 1 47
7 1 68 24
0 0 5 95
84 0 2 14
93 0 2 5
52 0 8 40
94 0 2 4
98 0 2 0
99 0 1 0
100 0 0 0
100 0 0 0
94 0 1 5
100 0 0 0
86 0 2 12
97 0 2 1
93 0 5 2
48 0 42 10
100 0 0 0
58 1 2 39
3 0 18 79
5 16 3 76
16 34 31 19
3 0 24 73
1 0 6 93
43 3 2 52
33 63 1 3
8 14 53 25
82 1 9 8
88 2 2 8
76 11 5 8
83 3 4 10
95 0 4 1
74 0 6 20
2 0 7 91
3 0 60 37
1 0 28 71
2 0 27 71
44 2 24 30
1 0 99 0
91 0 3 6
24 2 52 22
10 0 70 20
17 77 5 1
53 47 0 0
8 85 2 5
37 61 1 1
90 0 1 9
98 0 1 1
100 0 0 0
56 3 31 10
32 7 54 7
73 7 5 15
74 1 21 4
10 74 11 5
10 79 1 10
6 92 0 2
0 98 1 1
0 99 0 1
3 93 0 4
76 19 3 2
99 0 0 1
99 0 1 0
69 13 1 17
11 70 8 11
2 94 2 2
75 5 5 15
99 1 0 0
95 0 0 5
100 0 0 0
58 39 0 3
58 41 0 1
36 57 3 4
94 1 2 3
63 37 0 0
100 0 0 0
97 0 1 2
36 22 7 35
66 1 11 22
89 1 4 6
99 0 1 0
84 0 6 10
98 0 1 1
98 0 1 1
92 1 3 4
98 0 0 2
60 2 3 35
8 0 11 81
0 0 4 96
12 41 7 40
51 36 5 8
95 1 0 4
94 0 2 4
99 0 0 1
100 0 0 0
99 0 0 1
87 1 0 12
95 0 1 4
97 0 0 3
98 0 0 2
98 0 0 2
97 0 0 3
98 0 0 2
100 0 0 0
100 0 0 0
98 0 0 2
99 0 0 1
100 0 0 0
12 0 5 83
18 0 3 79
93 0 1 6
93 0 2 5
85 0 0 15
29 9 2 60
33 29 6 32
1 99 0 0
75 7 5 13
93 0 2 5
94 0 2 4
100 0 0 0
95 0 1 4
97 0 1 2
99 0 0 1
100 0 0 0
99 0 0 1
100 0 0 0
100 0 0 0
99 0 0 1
93 0 2 5
99 0 0 1
91 0 2 7
100 0 0 0
100 0 0 0
99 0 1 0
100 0 0 0
100 0 0 0
100 0 0 0
98 0 1 1
100 0 0 0
99 0 0 1
97 0 0 3
99 0 0 1
100 0 0 0
100 0 0 0
100 0 0 0
100 0 0 0
99 0 1 0
93 0 3 4
90 4 1 5
53 0 45 2
41 0 58 1
92 0 3 5
0 0 1 99
3 26 1 70
12 81 4 3
100 0 0 0
97 0 2 1
98 0 1 1
97 0 0 3
95 0 3 2
99 0 1 0
98 0 1 1
100 0 0 0
98 0 0 2
99 0 0 1
99 0 0 1
94 0 0 6
95 0 1 4
98 0 2 0
96 0 1 3
99 0 0 1
100 0 0 0
98 0 0 2
99 0 0 1
99 0 0 1
100 0 0 0
96 0 1 3
65 0 2 33
1 0 0 99
67 0 0 33
97 0 0 3
100 0 0 0
100 0 0 0
99 0 0 1
100 0 0 0
98 0 0 2
100 0 0 0
99 0 0 1
84 0 1 15
0 0 5 95
12 0 1 87
64 0 0 36
99 0 1 0
100 0 0 0
100 0 0 0
99 0 1 0
99 0 0 1
95 0 0 5
96 0 1 3
100 0 0 0
99 0 0 1
96 0 1 3
99 0 0 1
100 0 0 0
100 0 0 0
97 0 0 3
100 0 0 0
99 0 0 1
98 0 1 1
100 0 0 0
100 0 0 0
97 0 0 3
100 0 0 0
100 0 0 0
99 0 0 1
96 0 0 4
99 0 0 1
95 0 1 4
99 0 1 0
100 0 0 0
100 0 0 0
93 0 2 5
98 0 1 1
100 0 0 0
96 0 0 4
100 0 0 0
94 0 1 5
99 0 0 1
94 0 0 6
16 4 8 72
99 1 0 0
87 8 1 4
46 11 17 26
100 0 0 0
100 0 0 0
63 5 8 24
33 22 12 33
2 88 3 7
97 2 1 0
64 36 0 0
9 85 2 4
43 2 6 49
90 1 0 9
43 9 3 45
54 39 2 5
18 0 0 82
2 0 1 97
53 0 2 45
100 0 0 0
100 0 0 0
64 0 2 34
0 0 3 97
0 0 2 98
0 1 0 99
22 0 6 72
0 0 0 100
65 0 0 35
100 0 0 0
56 26 7 11
0 99 0 1
0 100 0 0
15 27 15 43
14 0 22 64
90 0 2 8
98 0 1 1
81 0 7 12
84 2 4 10
100 0 0 0
100 0 0 0
100 0 0 0
86 14 0 0
47 48 2 3
99 1 0 0
98 0 1 1
100 0 0 0
95 0 0 5
100 0 0 0
100 0 0 0
100 0 0 0
98 2 0 0
93 0 0 7
100 0 0 0
93 1 3 3
99 0 0 1
98 0 0 2
99 1 0 0
96 0 0 4
97 0 1 2
100 0 0 0
79 1 2 18
17 0 41 42
0 0 34 66
21 0 19 60
99 0 0 1
99 0 0 1
100 0 0 0
98 0 0 2
10 0 3 87
23 16 5 56
85 2 4 9
68 0 14 18
100 0 0 0
93 0 2 5
46 7 1 46
0 100 0 0
0 100 0 0
59 35 1 5
100 0 0 0
100 0 0 0
100 0 0 0
79 0 0 21
100 0 0 0
94 0 2 4
99 0 0 1
100 0 0 0
99 0 0 1
100 0 0 0
100 0 0 0
93 0 1 6
100 0 0 0
100 0 0 0
93 0 2 5
1 0 93 6
7 1 86 6
45 54 1 0
98 0 1 1
100 0 0 0
100 0 0 0
84 2 4 10
61 32 1 6
2 97 0 1
61 35 1 3
93 1 1 5
1 0 1 98
0 0 0 100
0 0 0 100
0 0 0 100
0 3 0 97
22 5 8 65
100 0 0 0
82 18 0 0
53 42 1 4
86 0 0 14
95 0 2 3
31 0 1 68
23 64 0 13
0 100 0 0
37 33 3 27
54 0 1 45
99 0 0 1
100 0 0 0
23 0 0 77
0 0 0 100
1 1 0 98
8 0 7 85
0 0 0 100
0 0 0 100
1 75 4 20
45 8 7 40
100 0 0 0
98 2 0 0
100 0 0 0
100 0 0 0
100 0 0 0
85 1 1 13
84 0 0 16
100 0 0 0
100 0 0 0
100 0 0 0
63 0 0 37
8 0 7 85
10 0 28 62
0 0 0 100
0 0 0 100
3 0 1 96
0 0 0 100
41 0 2 57
0 0 0 100
0 0 0 100
0 0 0 100
7 0 3 90
93 0 1 6
26 0 32 42
0 0 96 4
1 0 69 30
7 4 57 32
37 1 18 44
92 0 4 4
100 0 0 0
100 0 0 0
100 0 0 0
34 58 3 5
16 52 5 27
0 0 0 100
0 0 0 100
0 0 0 100
68 6 2 24
100 0 0 0
100 0 0 0
95 0 2 3
100 0 0 0
71 1 4 24
4 0 65 31
0 0 100 0
1 0 71 28
0 0 0 100
0 0 5 95
18 0 1 81
83 0 0 17
100 0 0 0
42 0 0 58
97 0 0 3
100 0 0 0
100 0 0 0
100 0 0 0
99 1 0 0
99 0 1 0
100 0 0 0
98 2 0 0
95 1 0 4
99 0 0 1
18 75 0 7
27 72 0 1
93 1 2 4
98 0 2 0
100 0 0 0
99 0 1 0
100 0 0 0
98 1 0 1
98 0 0 2
100 0 0 0
69 11 0 20
93 0 3 4
100 0 0 0
100 0 0 0
100 0 0 0
100 0 0 0
98 0 0 2
99 0 1 0
100 0 0 0
100 0 0 0
99 0 0 1
100 0 0 0
100 0 0 0
100 0 0 0
100 0 0 0
97 0 1 2
3 92 0 5
5 75 2 18
1 0 11 88
0 0 94 6
0 0 99 1
77 3 9 11
100 0 0 0
99 0 0 1
29 0 3 68
85 0 2 13
100 0 0 0
100 0 0 0
92 0 0 8
95 0 1 4
100 0 0 0
58 0 8 34
0 0 2 98
0 0 0 100
0 0 3 97
0 0 5 95
0 0 4 96
87 1 2 10
73 0 3 24
0 0 0 100
6 8 4 82
30 53 8 9
1 99 0 0
4 95 0 1
0 100 0 0
0 100 0 0
18 78 0 4
0 100 0 0
0 99 1 0
57 35 0 8
99 0 1 0
100 0 0 0
100 0 0 0
100 0 0 0
12 0 4 84
0 0 0 100
57 1 5 37
99 0 1 0
95 1 0 4
6 87 3 4
0 100 0 0
58 39 2 1
100 0 0 0
98 0 2 0
97 0 3 0
100 0 0 0
99 0 1 0
100 0 0 0
100 0 0 0
100 0 0 0
99 0 0 1
100 0 0 0
100 0 0 0
98 0 1 1
100 0 0 0
99 0 1 0
100 0 0 0
92 0 1 7
95 1 0 4
57 1 34 8
0 0 100 0
0 0 100 0
0 0 24 76
0 0 81 19
0 0 92 8
0 0 2 98
1 0 97 2
0 0 72 28
2 0 3 95
0 0 3 97
1 0 6 93
0 0 0 100
78 0 4 18
99 0 1 0
100 0 0 0
100 0 0 0
99 0 1 0
100 0 0 0
2 1 87 10
0 0 97 3
0 0 99 1
1 0 97 2
0 0 100 0
0 0 99 1
0 0 97 3
0 0 62 38
4 84 2 10
0 100 0 0
0 100 0 0
0 100 0 0
0 99 0 1
0 98 2 0
0 100 0 0
1 97 1 1
2 52 3 43
0 0 0 100
0 0 0 100
1 0 0 99
0 0 1 99
57 0 3 40
100 0 0 0
10 86 1 3
2 9 2 87
29 0 0 71
95 0 2 3
99 0 1 0
100 0 0 0
47 0 17 36
13 0 2 85
48 0 0 52
98 0 1 1
100 0 0 0
99 0 0 1
28 0 5 67
0 0 0 100
3 72 1 24
0 100 0 0
1 99 0 0
3 78 0 19
0 0 0 100
7 0 76 17
0 0 99 1
0 0 100 0
75 0 24 1
7 0 71 22
0 0 0 100
0 0 0 100
0 0 32 68
0 0 100 0
11 0 83 6
0 0 0 100
7 0 9 84
29 0 39 32
100 0 0 0
99 0 0 1
86 0 8 6
100 0 0 0
97 2 1 0
100 0 0 0
97 0 2 1
100 0 0 0
99 0 1 0
99 0 1 0
100 0 0 0
100 0 0 0
90 0 0 10
10 0 87 3
1 0 99 0
0 0 100 0
43 0 55 2
98 0 2 0
77 0 22 1
0 0 100 0
1 0 85 14
1 0 0 99
86 0 8 6
100 0 0 0
97 0 2 1
99 0 1 0
99 0 1 0
100 0 0 0
53 0 15 32
0 60 1 39
0 100 0 0
0 100 0 0
3 53 32 12
1 1 75 23
0 0 6 94
4 0 4 92
0 0 0 100
0 0 0 100
0 0 0 100
0 0 0 100
0 0 0 100
0 0 0 100
0 0 0 100
0 0 1 99
33 0 1 66
94 0 2 4
100 0 0 0
99 0 0 1
99 0 1 0
99 0 0 1
100 0 0 0
16 68 3 13
0 100 0 0
0 100 0 0
0 100 0 0
3 96 1 0
0 100 0 0
0 100 0 0
0 100 0 0
0 100 0 0
47 42 0 11
100 0 0 0
99 0 0 1
14 0 20 66
2 37 1 60
0 100 0 0
0 100 0 0
3 97 0 0
0 100 0 0
0 100 0 0
2 86 0 12
0 100 0 0
0 100 0 0
1 99 0 0
9 77 1 13
0 100 0 0
0 100 0 0
2 68 5 25
74 14 0 12
100 0 0 0
84 6 2 8
100 0 0 0
100 0 0 0
100 0 0 0
100 0 0 0
98 1 0 1
59 3 0 38
84 0 2 14
87 2 1 10
95 0 0 5
100 0 0 0
99 0 1 0
94 0 2 4
100 0 0 0
99 0 0 1
100 0 0 0
98 0 0 2
97 0 0 3
100 0 0 0
100 0 0 0
100 0 0 0
100 0 0 0
99 0 1 0
100 0 0 0
98 0 0 2
74 0 0 26
100 0 0 0
99 0 0 1
100 0 0 0
100 0 0 0
100 0 0 0
77 0 1 22
100 0 0 0
100 0 0 0
100 0 0 0
100 0 0 0
100 0 0 0
99 0 1 0
100 0 0 0
98 1 1 0
7 87 0 6
0 100 0 0
0 100 0 0
0 100 0 0
0 99 0 1
0 100 0 0
0 100 0 0
0 100 0 0
1 97 0 2
91 7 1 1
100 0 0 0
42 55 0 3
0 100 0 0
16 84 0 0
100 0 0 0
100 0 0 0
100 0 0 0
100 0 0 0
100 0 0 0
100 0 0 0
100 0 0 0
99 0 0 1
100 0 0 0
100 0 0 0
100 0 0 0
99 0 0 1
100 0 0 0
100 0 0 0
100 0 0 0
100 0 0 0
100 0 0 0
100 0 0 0
100 0 0 0
100 0 0 0
100 0 0 0
100 0 0 0
100 0 0 0
90 0 4 6
100 0 0 0
100 0 0 0
100 0 0 0
100 0 0 0
89 0 2 9
86 0 0 14
100 0 0 0
96 0 0 4
100 0 0 0
99 0 1 0
91 0 1 8
99 0 0 1
100 0 0 0
100 0 0 0
100 0 0 0
98 0 0 2
35 0 39 26
0 0 64 36
15 61 9 15
0 100 0 0
0 100 0 0
0 100 0 0
31 65 1 3
0 94 2 4
0 100 0 0
1 98 0 1
0 100 0 0
0 100 0 0
0 100 0 0
0 100 0 0
0 100 0 0
0 99 0 1
78 22 0 0
4 93 0 3
0 100 0 0
0 100 0 0
0 97 0 3
11 75 1 13
0 100 0 0
0 99 1 0
76 21 1 2
98 1 0 1
100 0 0 0
66 1 9 24
57 0 14 29
100 0 0 0
100 0 0 0
81 0 4 15
85 4 1 10
93 2 1 4
100 0 0 0
70 29 0 1
0 100 0 0
0 100 0 0
0 99 0 1
53 43 0 4
100 0 0 0
100 0 0 0
100 0 0 0
98 1 1 0
100 0 0 0
100 0 0 0
100 0 0 0
70 25 1 4
3 84 1 12
96 0 0 4
100 0 0 0
99 1 0 0
93 1 0 6
100 0 0 0
100 0 0 0
100 0 0 0
100 0 0 0
100 0 0 0
98 0 0 2
26 57 3 14
0 99 0 1
0 100 0 0
0 100 0 0
0 99 0 1
34 10 6 50
0 0 0 100
0 0 0 100
15 0 1 84
6 0 26 68
5 15 53 27
0 97 0 3
0 37 58 5
19 0 80 1
100 0 0 0
99 0 0 1
97 0 2 1
26 1 61 12
0 0 100 0
0 0 100 0
0 0 100 0
31 8 51 10
99 0 1 0
100 0 0 0
100 0 0 0
99 0 0 1
100 0 0 0
97 0 1 2
100 0 0 0
99 0 0 1
99 0 1 0
100 0 0 0
95 0 2 3
100 0 0 0
100 0 0 0
99 0 0 1
99 0 1 0
100 0 0 0
100 0 0 0
99 1 0 0
100 0 0 0
100 0 0 0
58 13 3 26
5 5 20 70
0 0 20 80
0 0 20 80
0 0 21 79
0 0 20 80
0 0 21 79
0 0 22 78
0 1 24 75
0 0 22 78
0 0 18 82
26 0 37 37
0 0 31 69
0 0 84 16
87 0 10 3
100 0 0 0
85 0 1 14
0 0 0 100
21 5 56 18
0 0 100 0
2 0 95 3
0 0 100 0
0 0 99 1
4 0 85 11
0 0 67 33
0 0 71 29
1 0 49 50
0 0 42 58
0 0 43 57
0 0 39 61
0 0 42 58
0 0 86 14
2 0 3 95
0 0 0 100
1 0 0 99
96 0 2 2
100 0 0 0
91 0 4 5
100 0 0 0
100 0 0 0
100 0 0 0
100 0 0 0
98 0 0 2
100 0 0 0
100 0 0 0
100 0 0 0
100 0 0 0
100 0 0 0
100 0 0 0
100 0 0 0
100 0 0 0
87 0 2 11
98 0 1 1
100 0 0 0
21 0 78 1
2 1 95 2
0 0 100 0
0 0 100 0
0 0 100 0
15 57 25 3
0 99 1 0
82 15 3 0
0 0 97 3
0 0 100 0
1 0 97 2
0 0 100 0
0 0 100 0
0 0 100 0
0 0 20 80
0 0 0 100
1 0 30 69
0 0 100 0
0 0 100 0
1 0 26 73
0 0 0 100
1 0 0 99
0 0 2 98
0 0 0 100
0 0 0 100
1 0 2 97
1 0 1 98
1 0 3 96
0 0 0 100
0 0 0 100
5 0 5 90
0 0 64 36
0 0 100 0
1 0 12 87
0 0 0 100
0 0 0 100
1 0 0 99
0 0 0 100
0 0 0 100
7 1 60 32
0 0 61 39
0 0 48 52
0 0 45 55
11 0 37 52
0 0 61 39
0 0 50 50
0 0 44 56
0 0 45 55
0 0 57 43
8 0 31 61
0 98 0 2
0 100 0 0
0 100 0 0
5 90 2 3
11 75 2 12
99 0 1 0
100 0 0 0
100 0 0 0
7 79 1 13
42 36 21 1
0 0 100 0
0 0 100 0
0 0 100 0
0 0 99 1
0 0 100 0
0 0 100 0
0 0 100 0
0 0 100 0
0 0 100 0
2 0 97 1
95 0 3 2
99 0 1 0
99 0 1 0
100 0 0 0
91 0 3 6
100 0 0 0
100 0 0 0
83 10 1 6
100 0 0 0
100 0 0 0
100 0 0 0
100 0 0 0
100 0 0 0
63 0 1 36
1 2 11 86
88 1 1 10
100 0 0 0
100 0 0 0
95 0 0 5
69 30 0 1
98 1 0 1
100 0 0 0
100 0 0 0
80 5 7 8
100 0 0 0
95 0 2 3
99 1 0 0
100 0 0 0
99 0 0 1
100 0 0 0
31 1 0 68
0 0 0 100
0 0 0 100
76 4 0 20
100 0 0 0
91 7 1 1
0 100 0 0
1 94 4 1
1 99 0 0
0 100 0 0
0 100 0 0
0 100 0 0
61 36 2 1
13 84 3 0
0 100 0 0
0 100 0 0
0 99 1 0
21 79 0 0
10 86 0 4
14 24 21 41
0 0 40 60
0 0 38 62
0 0 29 71
84 0 4 12
100 0 0 0
99 0 1 0
95 0 3 2
96 0 3 1
95 2 0 3
100 0 0 0
100 0 0 0
100 0 0 0
100 0 0 0
96 0 1 3
98 0 0 2
2 0 11 87
1 1 67 31
2 61 27 10
0 100 0 0
1 99 0 0
0 99 0 1
0 100 0 0
0 100 0 0
0 100 0 0
0 100 0 0
4 96 0 0
8 91 1 0
99 0 0 1
100 0 0 0
100 0 0 0
97 0 0 3
100 0 0 0
99 0 1 0
97 0 2 1
94 1 3 2
1 0 74 25
0 0 84 16
0 0 35 65
0 0 95 5
0 0 96 4
1 0 89 10
0 0 100 0
16 0 81 3
100 0 0 0
99 0 0 1
100 0 0 0
100 0 0 0
100 0 0 0
100 0 0 0
100 0 0 0
100 0 0 0
100 0 0 0
100 0 0 0
100 0 0 0
100 0 0 0
100 0 0 0
100 0 0 0
100 0 0 0
100 0 0 0
100 0 0 0
98 0 1 1
99 0 0 1
100 0 0 0
100 0 0 0
100 0 0 0
100 0 0 0
99 0 0 1
100 0 0 0
13 0 39 48
1 0 48 51
0 0 72 28
4 0 81 15
0 0 100 0
0 0 100 0
0 0 85 15
0 0 0 100
0 0 0 100
0 0 0 100
9 0 1 90
100 0 0 0
100 0 0 0
100 0 0 0
100 0 0 0
98 0 0 2
100 0 0 0
100 0 0 0
95 0 0 5
100 0 0 0
100 0 0 0
100 0 0 0
99 0 1 0
100 0 0 0
99 0 0 1
100 0 0 0
98 0 1 1
99 0 1 0
100 0 0 0
100 0 0 0
100 0 0 0
100 0 0 0
100 0 0 0
100 0 0 0
100 0 0 0
100 0 0 0
100 0 0 0
90 0 0 10
0 0 0 100
1 0 0 99
0 0 0 100
0 0 0 100
77 0 0 23
100 0 0 0
100 0 0 0
100 0 0 0
100 0 0 0
100 0 0 0
100 0 0 0
100 0 0 0
99 0 0 1
99 0 0 1
100 0 0 0
100 0 0 0
100 0 0 0
100 0 0 0
100 0 0 0
100 0 0 0
100 0 0 0
100 0 0 0
100 0 0 0
99 0 0 1
100 0 0 0
79 0 0 21
0 0 0 100
0 0 0 100
0 0 0 100
0 0 0 100
94 0 0 6
100 0 0 0
98 0 1 1
100 0 0 0
100 0 0 0
100 0 0 0
100 0 0 0
100 0 0 0
100 0 0 0
100 0 0 0
100 0 0 0
100 0 0 0
99 0 1 0
100 0 0 0
100 0 0 0
99 0 0 1
0 0 95 5
0 0 99 1
0 0 100 0
0 0 100 0
0 0 100 0
0 0 100 0
1 0 95 4
1 0 0 99
2 0 0 98
0 0 0 100
32 0 3 65
92 0 1 7
100 0 0 0
100 0 0 0
100 0 0 0
41 56 1 2
0 100 0 0
2 96 0 2
5 93 0 2
0 100 0 0
3 97 0 0
0 100 0 0
12 88 0 0
100 0 0 0
100 0 0 0
100 0 0 0
100 0 0 0
100 0 0 0
100 0 0 0
100 0 0 0
100 0 0 0
100 0 0 0
100 0 0 0
100 0 0 0
100 0 0 0
12 0 8 80
0 0 0 100
10 0 10 80
93 0 1 6
97 0 0 3
100 0 0 0
100 0 0 0
100 0 0 0
100 0 0 0
44 43 3 10
3 97 0 0
0 100 0 0
0 100 0 0
94 5 0 1
100 0 0 0
100 0 0 0
100 0 0 0
100 0 0 0
100 0 0 0
100 0 0 0
98 0 1 1
100 0 0 0
100 0 0 0
100 0 0 0
100 0 0 0
100 0 0 0
100 0 0 0
92 0 4 4
100 0 0 0
100 0 0 0
100 0 0 0
72 0 1 27
100 0 0 0
100 0 0 0
100 0 0 0
93 0 4 3
100 0 0 0
100 0 0 0
100 0 0 0
100 0 0 0
53 1 30 16
0 0 75 25
68 3 23 6
100 0 0 0
97 2 0 1
100 0 0 0
100 0 0 0
100 0 0 0
100 0 0 0
99 0 1 0
100 0 0 0
79 0 1 20
0 0 1 99
0 0 0 100
0 0 0 100
0 1 11 88
0 0 90 10
76 7 8 9
66 34 0 0
42 51 2 5
100 0 0 0
99 0 0 1
93 0 4 3
97 0 2 1
100 0 0 0
100 0 0 0
100 0 0 0
100 0 0 0
100 0 0 0
100 0 0 0
99 0 1 0
100 0 0 0
98 0 2 0
100 0 0 0
100 0 0 0
100 0 0 0
100 0 0 0
87 0 2 11
94 0 2 4
99 0 1 0
100 0 0 0
100 0 0 0
87 0 2 11
100 0 0 0
100 0 0 0
100 0 0 0
100 0 0 0
93 0 3 4
100 0 0 0
100 0 0 0
100 0 0 0
83 0 7 10
100 0 0 0
92 0 6 2
100 0 0 0
39 39 7 15
0 100 0 0
0 100 0 0
0 100 0 0
0 100 0 0
0 100 0 0
0 100 0 0
0 100 0 0
0 100 0 0
0 100 0 0
0 100 0 0
1 99 0 0
1 99 0 0
0 100 0 0
21 59 1 19
100 0 0 0
99 0 1 0
99 0 0 1
100 0 0 0
100 0 0 0
100 0 0 0
100 0 0 0
100 0 0 0
100 0 0 0
100 0 0 0
100 0 0 0
100 0 0 0
64 13 5 18
99 1 0 0
99 1 0 0
100 0 0 0
100 0 0 0
100 0 0 0
100 0 0 0
100 0 0 0
100 0 0 0
100 0 0 0
89 0 7 4
100 0 0 0
100 0 0 0
93 0 5 2
0 0 35 65
1 0 39 60
0 0 0 100
0 0 0 100
0 0 0 100
0 0 0 100
0 0 93 7
0 0 98 2
0 0 13 87
0 0 83 17
1 0 41 58
0 0 1 99
1 0 54 45
0 0 100 0
0 0 99 1
0 0 100 0
0 0 100 0
0 0 100 0
7 10 82 1
0 100 0 0
1 99 0 0
0 99 0 1
0 41 57 2
0 83 11 6
0 0 67 33
0 0 81 19
0 0 73 27
0 0 99 1
0 0 100 0
0 0 100 0
0 0 99 1
0 0 100 0
0 0 100 0
0 0 98 2
0 0 100 0
0 0 100 0
0 0 99 1
0 0 94 6
1 0 11 88
0 0 0 100
0 0 1 99
0 0 0 100
0 0 0 100
1 0 83 16
0 0 100 0
0 0 100 0
0 0 99 1
0 0 100 0
0 0 99 1
0 0 100 0
0 0 100 0
0 0 100 0
1 0 18 81
3 1 63 33
0 0 100 0
0 0 100 0
0 0 100 0
0 0 96 4
0 0 100 0
0 0 100 0
0 1 97 2
0 0 100 0
0 0 100 0
85 0 14 1
98 1 1 0
100 0 0 0
100 0 0 0
100 0 0 0
100 0 0 0
99 0 1 0
100 0 0 0
100 0 0 0
100 0 0 0
99 0 0 1
100 0 0 0
100 0 0 0
100 0 0 0
100 0 0 0
99 0 1 0
100 0 0 0
100 0 0 0
100 0 0 0
100 0 0 0
100 0 0 0
100 0 0 0
100 0 0 0
100 0 0 0
99 0 0 1
96 0 0 4
100 0 0 0
100 0 0 0
100 0 0 0
100 0 0 0
100 0 0 0
74 0 12 14
1 0 10 89
0 0 0 100
0 0 0 100
13 0 3 84
100 0 0 0
100 0 0 0
100 0 0 0
100 0 0 0
100 0 0 0
100 0 0 0
7 0 1 92
0 0 0 100
0 0 0 100
0 0 0 100
72 1 1 26
100 0 0 0
100 0 0 0
100 0 0 0
100 0 0 0
100 0 0 0
100 0 0 0
100 0 0 0
99 1 0 0
100 0 0 0
100 0 0 0
98 1 0 1
99 0 1 0
100 0 0 0
100 0 0 0
100 0 0 0
100 0 0 0
98 0 1 1
100 0 0 0
100 0 0 0
94 0 2 4
100 0 0 0
100 0 0 0
100 0 0 0
100 0 0 0
49 0 4 47
0 0 11 89
0 0 100 0
0 0 100 0
0 0 98 2
0 0 100 0
0 0 100 0
0 0 100 0
0 0 89 11
0 0 0 100
47 2 0 51
100 0 0 0
100 0 0 0
100 0 0 0
100 0 0 0
100 0 0 0
100 0 0 0
100 0 0 0
100 0 0 0
100 0 0 0
100 0 0 0
100 0 0 0
96 0 1 3
100 0 0 0
100 0 0 0
100 0 0 0
100 0 0 0
100 0 0 0
100 0 0 0
100 0 0 0
100 0 0 0
100 0 0 0
100 0 0 0
100 0 0 0
99 0 0 1
100 0 0 0
95 0 1 4
100 0 0 0
100 0 0 0
99 0 0 1
100 0 0 0
100 0 0 0
100 0 0 0
100 0 0 0
100 0 0 0
100 0 0 0
98 1 0 1
100 0 0 0
100 0 0 0
100 0 0 0
100 0 0 0
99 0 1 0
100 0 0 0
100 0 0 0
100 0 0 0
100 0 0 0
100 0 0 0
100 0 0 0
100 0 0 0
100 0 0 0
100 0 0 0
100 0 0 0
99 0 1 0
97 0 1 2
87 0 1 12
100 0 0 0
100 0 0 0
100 0 0 0
100 0 0 0
97 0 2 1
100 0 0 0
100 0 0 0
100 0 0 0
100 0 0 0
100 0 0 0
100 0 0 0
55 0 33 12
0 0 100 0
0 0 92 8
12 0 1 87
46 1 47 6
0 0 100 0
89 0 10 1
100 0 0 0
100 0 0 0
95 0 4 1
0 0 100 0
0 0 100 0
0 0 100 0
1 0 98 1
7 78 2 13
0 100 0 0
11 85 0 4
0 98 0 2
0 100 0 0
0 100 0 0
0 100 0 0
0 100 0 0
0 100 0 0
1 99 0 0
1 99 0 0
0 100 0 0
0 99 1 0
34 61 1 4
85 14 0 1
2 97 1 0
0 100 0 0
0 100 0 0
3 3 0 94
0 0 0 100
0 0 0 100
0 0 0 100
0 0 0 100
4 0 81 15
0 0 100 0
0 0 100 0
0 0 99 1
0 0 98 2
0 0 100 0
0 0 100 0
0 0 100 0
0 0 4 96
0 0 0 100
5 0 0 95
5 0 21 74
0 0 100 0
0 0 100 0
5 1 87 7
99 1 0 0
99 1 0 0
14 84 0 2
0 100 0 0
0 29 7 64
0 0 0 100
72 0 0 28
91 9 0 0
0 100 0 0
0 99 0 1
52 47 1 0
15 82 1 2
100 0 0 0
100 0 0 0
99 1 0 0
94 0 2 4
100 0 0 0
100 0 0 0
100 0 0 0
100 0 0 0
100 0 0 0
100 0 0 0
100 0 0 0
100 0 0 0
73 0 11 16
0 0 69 31
0 0 81 19
48 0 28 24
100 0 0 0
99 0 0 1
88 1 0 11
10 86 0 4
0 100 0 0
0 100 0 0
0 100 0 0
0 100 0 0
3 97 0 0
0 100 0 0
0 100 0 0
5 16 4 75
0 0 0 100
0 0 0 100
0 0 0 100
0 0 0 100
0 0 0 100
0 0 0 100
44 2 2 52
1 0 0 99
0 96 0 4
0 100 0 0
0 100 0 0
0 100 0 0
3 80 1 16
94 0 1 5
89 11 0 0
0 100 0 0
0 100 0 0
0 100 0 0
0 100 0 0
0 98 0 2
0 100 0 0
0 100 0 0
0 100 0 0
0 100 0 0
0 100 0 0
0 100 0 0
1 99 0 0
0 100 0 0
0 100 0 0
9 84 1 6
0 100 0 0
0 100 0 0
0 100 0 0
0 100 0 0
0 100 0 0
0 100 0 0
0 100 0 0
0 100 0 0
0 100 0 0
0 100 0 0
0 100 0 0
0 100 0 0
0 100 0 0
61 30 1 8
100 0 0 0
100 0 0 0
97 0 0 3
99 0 0 1
100 0 0 0
100 0 0 0
100 0 0 0
100 0 0 0
100 0 0 0
100 0 0 0
100 0 0 0
36 52 0 12
0 100 0 0
0 100 0 0
0 100 0 0
0 100 0 0
0 100 0 0
0 100 0 0
0 100 0 0
0 100 0 0
0 100 0 0
0 100 0 0
0 100 0 0
94 6 0 0
100 0 0 0
99 0 0 1
100 0 0 0
100 0 0 0
100 0 0 0
92 0 0 8
100 0 0 0
100 0 0 0
99 1 0 0
99 0 0 1
100 0 0 0
97 0 0 3
100 0 0 0
100 0 0 0
100 0 0 0
100 0 0 0
100 0 0 0
100 0 0 0
100 0 0 0
100 0 0 0
100 0 0 0
100 0 0 0
100 0 0 0
100 0 0 0
100 0 0 0
100 0 0 0
30 0 20 50
1 0 2 97
0 0 0 100
0 0 49 51
0 0 100 0
7 1 75 17
25 51 0 24
100 0 0 0
100 0 0 0
100 0 0 0
100 0 0 0
100 0 0 0
100 0 0 0
100 0 0 0
100 0 0 0
100 0 0 0
100 0 0 0
100 0 0 0
100 0 0 0
100 0 0 0
100 0 0 0
100 0 0 0
55 0 20 25
8 0 78 14
0 0 100 0
19 0 75 6
100 0 0 0
99 0 0 1
100 0 0 0
100 0 0 0
99 0 1 0
99 0 1 0
100 0 0 0
99 0 1 0
100 0 0 0
100 0 0 0
100 0 0 0
99 0 1 0
100 0 0 0
100 0 0 0
100 0 0 0
99 0 1 0
100 0 0 0
100 0 0 0
97 0 1 2
100 0 0 0
100 0 0 0
100 0 0 0
46 52 0 2
0 100 0 0
0 100 0 0
0 100 0 0
0 98 0 2
0 100 0 0
52 41 4 3
96 0 1 3
60 0 1 39
100 0 0 0
97 0 1 2
100 0 0 0
100 0 0 0
100 0 0 0
100 0 0 0
100 0 0 0
100 0 0 0
100 0 0 0
100 0 0 0
100 0 0 0
99 0 1 0
98 0 1 1
99 0 0 1
100 0 0 0
100 0 0 0
100 0 0 0
100 0 0 0
100 0 0 0
99 0 1 0
100 0 0 0
100 0 0 0
100 0 0 0
100 0 0 0
100 0 0 0
100 0 0 0
100 0 0 0
100 0 0 0
100 0 0 0
100 0 0 0
92 0 3 5
97 0 1 2
99 0 0 1
100 0 0 0
100 0 0 0
100 0 0 0
9 0 89 2
0 0 14 86
0 0 0 100
0 0 0 100
0 0 0 100
0 0 0 100
0 0 0 100
0 0 0 100
0 0 0 100
0 0 0 100
80 4 3 13
100 0 0 0
99 0 0 1
100 0 0 0
100 0 0 0
99 0 1 0
99 1 0 0
100 0 0 0
100 0 0 0
41 0 2 57
0 0 0 100
55 3 1 41
100 0 0 0
100 0 0 0
100 0 0 0
100 0 0 0
100 0 0 0
100 0 0 0
100 0 0 0
100 0 0 0
100 0 0 0
100 0 0 0
100 0 0 0
99 0 1 0
100 0 0 0
100 0 0 0
100 0 0 0
100 0 0 0
100 0 0 0
99 0 0 1
100 0 0 0
100 0 0 0
100 0 0 0
100 0 0 0
100 0 0 0
100 0 0 0
100 0 0 0
99 0 0 1
100 0 0 0
100 0 0 0
100 0 0 0
99 1 0 0
100 0 0 0
33 0 1 66
0 0 0 100
0 0 0 100
0 0 0 100
1 0 0 99
0 0 0 100
0 0 0 100
1 0 0 99
0 0 0 100
0 0 0 100
55 0 2 43
56 0 7 37
0 0 0 100
0 0 0 100
2 0 66 32
0 0 100 0
0 0 100 0
0 0 82 18
0 0 0 100
0 0 0 100
0 0 0 100
45 0 3 52
100 0 0 0
100 0 0 0
100 0 0 0
100 0 0 0
92 1 2 5
100 0 0 0
100 0 0 0
100 0 0 0
100 0 0 0
100 0 0 0
95 1 2 2
3 0 90 7
0 0 100 0
0 0 100 0
0 0 100 0
0 0 46 54
0 0 0 100
0 0 0 100
30 0 4 66
100 0 0 0
100 0 0 0
100 0 0 0
100 0 0 0
100 0 0 0
99 0 0 1
100 0 0 0
100 0 0 0
100 0 0 0
100 0 0 0
100 0 0 0
100 0 0 0
100 0 0 0
100 0 0 0
100 0 0 0
100 0 0 0
100 0 0 0
100 0 0 0
100 0 0 0
100 0 0 0
100 0 0 0
100 0 0 0
100 0 0 0
100 0 0 0
100 0 0 0
100 0 0 0
100 0 0 0
100 0 0 0
100 0 0 0
99 0 0 1
99 0 0 1
100 0 0 0
100 0 0 0
100 0 0 0
100 0 0 0
100 0 0 0
100 0 0 0
100 0 0 0
100 0 0 0
100 0 0 0
99 0 0 1
100 0 0 0
100 0 0 0
100 0 0 0
100 0 0 0
100 0 0 0
99 0 0 1
100 0 0 0
100 0 0 0
100 0 0 0
100 0 0 0
100 0 0 0
100 0 0 0
100 0 0 0
100 0 0 0
100 0 0 0
100 0 0 0
100 0 0 0
100 0 0 0
100 0 0 0
100 0 0 0
100 0 0 0
100 0 0 0
100 0 0 0
100 0 0 0
42 53 0 5
0 100 0 0
0 100 0 0
0 100 0 0
0 100 0 0
0 100 0 0
0 100 0 0
2 96 0 2
100 0 0 0
100 0 0 0
100 0 0 0
100 0 0 0
100 0 0 0
83 0 0 17
99 1 0 0
0 100 0 0
0 100 0 0
86 4 1 9
100 0 0 0
100 0 0 0
100 0 0 0
100 0 0 0
100 0 0 0
100 0 0 0
100 0 0 0
100 0 0 0
94 0 0 6
98 0 1 1
100 0 0 0
100 0 0 0
100 0 0 0
100 0 0 0
97 2 0 1
100 0 0 0
100 0 0 0
100 0 0 0
99 0 0 1
100 0 0 0
100 0 0 0
100 0 0 0
100 0 0 0
100 0 0 0
100 0 0 0
100 0 0 0
100 0 0 0
100 0 0 0
100 0 0 0
100 0 0 0
100 0 0 0
100 0 0 0
100 0 0 0
100 0 0 0
100 0 0 0
82 15 0 3
1 99 0 0
0 100 0 0
0 100 0 0
0 100 0 0
0 100 0 0
0 100 0 0
0 100 0 0
0 100 0 0
0 100 0 0
0 100 0 0
0 100 0 0
0 100 0 0
1 98 0 1
31 69 0 0
100 0 0 0
100 0 0 0
100 0 0 0
100 0 0 0
100 0 0 0
100 0 0 0
100 0 0 0
100 0 0 0
97 0 1 2
100 0 0 0
100 0 0 0
99 0 0 1
100 0 0 0
100 0 0 0
100 0 0 0
95 0 1 4
100 0 0 0
100 0 0 0
100 0 0 0
89 4 2 5
100 0 0 0
100 0 0 0
100 0 0 0
100 0 0 0
100 0 0 0
100 0 0 0
100 0 0 0
100 0 0 0
100 0 0 0
100 0 0 0
100 0 0 0
100 0 0 0
100 0 0 0
100 0 0 0
100 0 0 0
100 0 0 0
100 0 0 0
99 0 0 1
100 0 0 0
100 0 0 0
100 0 0 0
100 0 0 0
100 0 0 0
100 0 0 0
100 0 0 0
84 2 0 14
100 0 0 0
99 0 0 1
99 0 0 1
100 0 0 0
100 0 0 0
100 0 0 0
100 0 0 0
100 0 0 0
95 0 0 5
100 0 0 0
100 0 0 0
99 0 0 1
100 0 0 0
100 0 0 0
100 0 0 0
94 2 0 4
99 0 1 0
100 0 0 0
100 0 0 0
100 0 0 0
100 0 0 0
100 0 0 0
100 0 0 0
100 0 0 0
97 0 1 2
100 0 0 0
98 0 0 2
100 0 0 0
100 0 0 0
100 0 0 0
100 0 0 0
100 0 0 0
100 0 0 0
100 0 0 0
100 0 0 0
81 0 1 18
8 0 76 16
0 0 100 0
0 0 100 0
0 0 100 0
0 0 100 0
0 0 100 0
1 0 80 19
0 0 0 100
15 0 4 81
0 99 0 1
93 7 0 0
99 1 0 0
100 0 0 0
99 1 0 0
95 0 0 5
100 0 0 0
100 0 0 0
100 0 0 0
72 28 0 0
0 100 0 0
0 100 0 0
0 100 0 0
0 100 0 0
0 100 0 0
0 100 0 0
0 100 0 0
0 100 0 0
0 100 0 0
0 100 0 0
0 100 0 0
0 98 0 2
0 100 0 0
0 100 0 0
0 100 0 0
0 100 0 0
0 100 0 0
0 100 0 0
0 100 0 0
0 100 0 0
0 100 0 0
0 100 0 0
0 100 0 0
0 100 0 0
1 99 0 0
0 100 0 0
68 29 0 3
100 0 0 0
100 0 0 0
100 0 0 0
100 0 0 0
100 0 0 0
99 0 0 1
100 0 0 0
99 0 0 1
100 0 0 0
100 0 0 0
100 0 0 0
99 0 0 1
100 0 0 0
100 0 0 0
100 0 0 0
100 0 0 0
100 0 0 0
100 0 0 0
100 0 0 0
100 0 0 0
100 0 0 0
100 0 0 0
100 0 0 0
59 5 13 23
92 0 3 5
100 0 0 0
99 0 0 1
100 0 0 0
100 0 0 0
37 56 0 7
0 100 0 0
0 100 0 0
0 100 0 0
0 100 0 0
16 67 4 13
80 18 0 2
40 56 3 1
0 100 0 0
0 99 1 0
0 100 0 0
2 98 0 0
0 100 0 0
0 100 0 0
3 97 0 0
3 97 0 0
0 100 0 0
0 100 0 0
0 100 0 0
0 100 0 0
0 100 0 0
0 100 0 0
0 100 0 0
0 100 0 0
0 100 0 0
0 100 0 0
0 100 0 0
0 100 0 0
0 100 0 0
0 100 0 0
1 99 0 0
0 100 0 0
0 100 0 0
0 100 0 0
0 100 0 0
0 100 0 0
0 100 0 0
0 100 0 0
0 100 0 0
0 100 0 0
44 29 1 26
100 0 0 0
9 0 85 6
0 0 100 0
0 0 100 0
0 0 100 0
0 0 100 0
4 0 95 1
100 0 0 0
100 0 0 0
100 0 0 0
100 0 0 0
100 0 0 0
100 0 0 0
100 0 0 0
100 0 0 0
100 0 0 0
100 0 0 0
100 0 0 0
100 0 0 0
100 0 0 0
100 0 0 0
99 0 0 1
99 0 0 1
100 0 0 0
100 0 0 0
100 0 0 0
7 0 91 2
0 0 100 0
0 0 100 0
0 0 100 0
0 0 100 0
0 0 100 0
0 0 99 1
0 0 100 0
0 0 100 0
0 0 99 1
0 0 100 0
0 0 100 0
0 0 100 0
0 0 100 0
0 0 100 0
0 0 91 9
0 90 5 5
0 100 0 0
0 100 0 0
0 100 0 0
0 100 0 0
0 100 0 0
0 100 0 0
0 100 0 0
0 100 0 0
0 100 0 0
0 100 0 0
0 100 0 0
0 100 0 0
0 100 0 0
0 96 1 3
0 100 0 0
0 99 0 1
0 100 0 0
0 100 0 0
0 100 0 0
0 100 0 0
0 100 0 0
0 100 0 0
0 100 0 0
0 100 0 0
0 100 0 0
0 100 0 0
0 100 0 0
0 100 0 0
0 100 0 0
0 100 0 0
0 100 0 0
0 100 0 0
0 100 0 0
0 98 0 2
0 97 0 3
0 100 0 0
0 100 0 0
0 100 0 0
79 16 0 5
100 0 0 0
99 0 0 1
100 0 0 0
100 0 0 0
99 0 0 1
91 0 1 8
100 0 0 0
90 2 0 8
100 0 0 0
4 0 87 9
0 0 100 0
0 0 100 0
1 0 99 0
0 0 100 0
0 0 100 0
0 0 100 0
0 0 100 0
0 0 98 2
0 0 100 0
0 0 100 0
0 0 100 0
0 0 100 0
0 0 100 0
0 0 100 0
0 0 100 0
0 0 100 0
0 0 98 2
0 0 100 0
0 1 98 1
0 0 100 0
0 0 100 0
0 0 98 2
0 0 100 0
0 0 100 0
0 0 100 0
0 0 100 0
0 0 98 2
0 0 100 0
0 0 100 0
0 0 100 0
0 0 100 0
0 0 100 0
0 0 100 0
0 0 100 0
0 0 100 0
0 0 100 0
0 0 99 1
0 0 100 0
0 0 100 0
0 0 98 2
0 0 100 0
0 0 100 0
0 0 100 0
0 0 100 0
0 0 100 0
0 0 100 0
0 0 100 0
0 0 100 0
0 0 99 1
1 0 81 18
0 0 21 79
0 0 94 6
0 0 100 0
0 0 100 0
0 0 79 21
0 0 6 94
0 0 74 26
0 0 50 50
0 0 0 100
0 0 2 98
0 0 0 100
0 0 0 100
0 0 0 100
2 0 9 89
0 0 100 0
0 0 100 0
0 0 100 0
0 0 100 0
0 0 100 0
0 0 99 1
0 0 85 15
0 0 0 100
0 0 0 100
0 0 0 100
0 0 0 100
0 0 0 100
0 0 2 98
0 0 0 100
0 0 0 100
1 0 0 99
0 0 0 100
0 0 0 100
0 0 0 100
3 0 1 96
0 0 0 100
0 0 0 100
0 0 0 100
0 0 0 100
0 0 0 100
0 0 0 100
0 0 0 100
0 0 0 100
0 0 0 100
0 0 0 100
0 0 0 100
0 0 0 100
0 0 1 99
0 0 0 100
0 0 16 84
0 0 100 0
1 0 94 5
0 0 100 0
0 0 100 0
0 0 100 0
0 0 100 0
0 0 100 0
4 0 88 8
82 0 8 10
100 0 0 0
100 0 0 0
100 0 0 0
95 0 1 4
100 0 0 0
100 0 0 0
100 0 0 0
100 0 0 0
99 0 0 1
100 0 0 0
100 0 0 0
100 0 0 0
100 0 0 0
100 0 0 0
100 0 0 0
48 44 0 8
0 100 0 0
52 46 0 2
100 0 0 0
100 0 0 0
100 0 0 0
100 0 0 0
94 2 0 4
100 0 0 0
100 0 0 0
100 0 0 0
100 0 0 0
99 0 0 1
100 0 0 0
100 0 0 0
100 0 0 0
100 0 0 0
100 0 0 0
100 0 0 0
100 0 0 0
100 0 0 0
100 0 0 0
100 0 0 0
100 0 0 0
100 0 0 0
100 0 0 0
100 0 0 0
100 0 0 0
100 0 0 0
99 0 0 1
99 0 0 1
100 0 0 0
100 0 0 0
100 0 0 0
100 0 0 0
100 0 0 0
99 0 0 1
100 0 0 0
100 0 0 0
100 0 0 0
100 0 0 0
100 0 0 0
100 0 0 0
100 0 0 0
100 0 0 0
100 0 0 0
94 0 2 4
100 0 0 0
100 0 0 0
96 0 0 4
45 0 0 55
6 81 0 13
0 100 0 0
0 100 0 0
44 54 0 2
100 0 0 0
100 0 0 0
100 0 0 0
100 0 0 0
100 0 0 0
100 0 0 0
100 0 0 0
100 0 0 0
100 0 0 0
100 0 0 0
100 0 0 0
100 0 0 0
98 2 0 0
86 13 0 1
100 0 0 0
100 0 0 0
99 0 0 1
100 0 0 0
100 0 0 0
100 0 0 0
100 0 0 0
34 0 46 20
1 0 96 3
88 0 2 10
97 0 0 3
99 0 0 1
100 0 0 0
100 0 0 0
100 0 0 0
100 0 0 0
100 0 0 0
100 0 0 0
100 0 0 0
100 0 0 0
100 0 0 0
100 0 0 0
98 0 0 2
100 0 0 0
100 0 0 0
100 0 0 0
25 0 61 14
0 0 100 0
0 0 100 0
0 0 100 0
0 0 100 0
0 0 100 0
0 0 100 0
0 0 89 11
10 1 8 81
99 0 1 0
100 0 0 0
99 0 0 1
100 0 0 0
100 0 0 0
100 0 0 0
99 0 0 1
100 0 0 0
100 0 0 0
100 0 0 0
98 0 0 2
100 0 0 0
100 0 0 0
100 0 0 0
100 0 0 0
100 0 0 0
90 0 0 10
34 17 9 40
1 97 0 2
0 100 0 0
0 100 0 0
0 100 0 0
0 100 0 0
34 64 0 2
100 0 0 0
97 0 0 3
100 0 0 0
100 0 0 0
79 0 3 18
100 0 0 0
100 0 0 0
100 0 0 0
99 0 0 1
100 0 0 0
100 0 0 0
100 0 0 0
100 0 0 0
100 0 0 0
100 0 0 0
100 0 0 0
100 0 0 0
100 0 0 0
70 22 1 7
0 99 0 1
1 99 0 0
0 100 0 0
52 44 4 0
100 0 0 0
100 0 0 0
97 0 1 2
100 0 0 0
100 0 0 0
100 0 0 0
4 96 0 0
2 95 0 3
1 99 0 0
1 99 0 0
0 100 0 0
15 85 0 0
100 0 0 0
100 0 0 0
50 1 47 2
0 0 100 0
0 0 100 0
0 0 100 0
0 0 100 0
0 0 100 0
0 0 61 39
0 0 0 100
0 0 0 100
0 0 0 100
3 41 6 50
0 100 0 0
0 100 0 0
0 100 0 0
0 98 2 0
0 100 0 0
1 99 0 0
0 100 0 0
0 100 0 0
0 100 0 0
0 100 0 0
0 100 0 0
0 100 0 0
0 100 0 0
0 100 0 0
84 14 1 1
100 0 0 0
100 0 0 0
100 0 0 0
100 0 0 0
100 0 0 0
100 0 0 0
100 0 0 0
100 0 0 0
100 0 0 0
100 0 0 0
100 0 0 0
100 0 0 0
100 0 0 0
100 0 0 0
99 1 0 0
91 4 1 4
100 0 0 0
100 0 0 0
100 0 0 0
100 0 0 0
100 0 0 0
100 0 0 0
100 0 0 0
100 0 0 0
100 0 0 0
100 0 0 0
100 0 0 0
100 0 0 0
100 0 0 0
100 0 0 0
100 0 0 0
100 0 0 0
100 0 0 0
100 0 0 0
100 0 0 0
27 63 1 9
0 100 0 0
0 100 0 0
0 100 0 0
0 100 0 0
0 100 0 0
0 100 0 0
21 78 0 1
100 0 0 0
100 0 0 0
100 0 0 0
100 0 0 0
100 0 0 0
100 0 0 0
100 0 0 0
100 0 0 0
100 0 0 0
100 0 0 0
100 0 0 0
100 0 0 0
100 0 0 0
97 0 1 2
100 0 0 0
97 0 0 3
100 0 0 0
99 0 0 1
100 0 0 0
85 0 9 6
99 0 1 0
99 0 1 0
76 11 0 13
85 9 0 6
100 0 0 0
90 0 5 5
100 0 0 0
100 0 0 0
100 0 0 0
100 0 0 0
100 0 0 0
98 0 0 2
100 0 0 0
100 0 0 0
100 0 0 0
100 0 0 0
100 0 0 0
100 0 0 0
88 1 6 5
96 0 4 0
100 0 0 0
100 0 0 0
100 0 0 0
100 0 0 0
100 0 0 0
100 0 0 0
100 0 0 0
100 0 0 0
100 0 0 0
100 0 0 0
100 0 0 0
100 0 0 0
91 0 1 8
100 0 0 0
100 0 0 0
99 0 0 1
99 0 0 1
100 0 0 0
100 0 0 0
100 0 0 0
99 0 0 1
100 0 0 0
99 0 0 1
100 0 0 0
100 0 0 0
100 0 0 0
100 0 0 0
100 0 0 0
100 0 0 0
100 0 0 0
100 0 0 0
100 0 0 0
100 0 0 0
100 0 0 0
100 0 0 0
100 0 0 0
100 0 0 0
98 0 0 2
99 0 1 0
100 0 0 0
100 0 0 0
100 0 0 0
100 0 0 0
87 0 2 11
99 0 0 1
100 0 0 0
97 0 1 2
100 0 0 0
100 0 0 0
100 0 0 0
100 0 0 0
100 0 0 0
100 0 0 0
100 0 0 0
83 5 0 12
0 100 0 0
0 100 0 0
0 100 0 0
0 100 0 0
0 100 0 0
0 99 0 1
0 100 0 0
0 100 0 0
0 100 0 0
0 100 0 0
4 96 0 0
0 100 0 0
3 97 0 0
0 100 0 0
39 28 1 32
60 30 0 10
100 0 0 0
99 0 0 1
100 0 0 0
100 0 0 0
100 0 0 0
100 0 0 0
100 0 0 0
100 0 0 0
100 0 0 0
100 0 0 0
98 0 0 2
99 0 0 1
100 0 0 0
100 0 0 0
100 0 0 0
100 0 0 0
100 0 0 0
100 0 0 0
95 0 0 5
93 0 2 5
100 0 0 0
100 0 0 0
100 0 0 0
100 0 0 0
100 0 0 0
100 0 0 0
100 0 0 0
100 0 0 0
100 0 0 0
100 0 0 0
100 0 0 0
99 0 0 1
100 0 0 0
100 0 0 0
100 0 0 0
100 0 0 0
99 0 0 1
100 0 0 0
100 0 0 0
100 0 0 0
100 0 0 0
100 0 0 0
100 0 0 0
99 0 1 0
100 0 0 0
100 0 0 0
100 0 0 0
100 0 0 0
99 0 0 1
100 0 0 0
100 0 0 0
100 0 0 0
100 0 0 0
100 0 0 0
100 0 0 0
100 0 0 0
100 0 0 0
100 0 0 0
100 0 0 0
100 0 0 0
100 0 0 0
100 0 0 0
100 0 0 0
100 0 0 0
100 0 0 0
100 0 0 0
100 0 0 0
97 0 0 3
100 0 0 0
100 0 0 0
92 0 2 6
100 0 0 0
100 0 0 0
100 0 0 0
100 0 0 0
100 0 0 0
100 0 0 0
98 0 1 1
100 0 0 0
100 0 0 0
100 0 0 0
100 0 0 0
100 0 0 0
99 0 0 1
100 0 0 0
100 0 0 0
100 0 0 0
75 9 0 16
0 0 10 90
0 0 5 95
0 0 0 100
0 0 89 11
0 0 100 0
0 0 43 57
0 0 0 100
0 0 0 100
0 0 0 100
0 0 0 100
1 0 1 98
0 0 0 100
0 0 0 100
0 0 0 100
0 0 0 100
0 0 0 100
0 0 0 100
0 0 0 100
1 0 1 98
0 0 0 100
0 0 0 100
0 0 0 100
1 0 0 99
0 0 0 100
0 0 0 100
0 0 0 100
0 0 1 99
0 0 0 100
0 0 0 100
0 0 0 100
0 0 1 99
1 0 1 98
0 0 0 100
0 0 0 100
0 0 0 100
0 0 0 100
0 0 37 63
0 0 100 0
0 0 100 0
0 0 14 86
0 0 0 100
0 0 0 100
0 0 0 100
0 0 0 100
0 0 0 100
0 0 0 100
0 0 0 100
0 0 0 100
0 0 0 100
7 0 0 93
0 0 0 100
0 0 0 100
1 0 2 97
1 0 14 85
0 0 99 1
0 0 100 0
0 0 100 0
0 0 100 0
0 0 96 4
0 0 100 0
1 0 99 0
0 0 100 0
1 0 85 14
49 0 10 41
0 0 3 97
0 0 0 100
0 0 0 100
0 0 0 100
0 0 0 100
0 0 47 53
0 0 100 0
0 0 100 0
0 0 100 0
0 0 12 88
0 0 0 100
0 0 0 100
0 0 0 100
0 0 0 100
0 0 0 100
0 0 0 100
0 0 0 100
0 0 0 100
0 0 0 100
0 0 0 100
0 0 0 100
0 0 0 100
0 0 0 100
0 0 0 100
0 0 0 100
0 0 0 100
0 0 0 100
0 0 0 100
0 0 0 100
0 0 0 100
0 0 0 100
0 0 0 100
0 0 0 100
0 0 0 100
0 0 0 100
0 0 0 100
0 0 0 100
0 0 0 100
12 0 0 88
1 0 0 99
0 0 0 100
0 0 0 100
0 0 0 100
0 0 0 100
0 0 0 100
0 0 0 100
1 0 0 99
0 0 0 100
1 0 0 99
0 0 0 100
12 4 2 82
0 0 46 54
0 0 5 95
0 0 0 100
0 0 0 100
0 0 0 100
0 0 82 18
0 0 90 10
1 0 96 3
0 0 100 0
0 0 96 4
0 0 100 0
0 0 100 0
0 0 100 0
0 0 100 0
0 0 100 0
0 0 23 77
0 0 0 100
0 0 37 63
0 0 100 0
0 0 100 0
0 0 86 14
0 0 58 42
0 0 100 0
0 0 100 0
0 0 98 2
0 0 100 0
0 0 100 0
0 0 100 0
0 0 39 61
0 0 0 100
0 0 0 100
0 0 0 100
0 0 44 56
0 0 100 0
0 0 100 0
1 0 94 5
0 0 99 1
0 0 100 0
0 0 98 2
0 0 100 0
0 0 97 3
1 0 97 2
0 0 100 0
0 0 98 2
0 0 98 2
0 0 98 2
0 0 100 0
0 0 97 3
0 0 98 2
0 0 100 0
1 0 99 0
0 0 100 0
0 0 100 0
0 0 100 0
0 0 100 0
1 0 94 5
0 0 100 0
0 0 100 0
0 0 100 0
0 0 100 0
0 0 100 0
0 0 15 85
0 0 0 100
0 0 0 100
0 0 0 100
0 0 0 100
0 0 0 100
0 0 1 99
0 0 0 100
0 0 0 100
0 0 0 100
0 0 0 100
0 0 0 100
0 0 0 100
0 0 0 100
1 0 0 99
0 0 0 100
0 0 0 100
0 0 0 100
0 0 0 100
0 0 0 100
0 0 0 100
0 0 0 100
0 0 0 100
0 0 0 100
0 0 0 100
0 0 0 100
0 0 0 100
0 0 0 100
0 0 1 99
0 0 0 100
0 0 0 100
0 0 0 100
0 0 0 100
0 0 0 100
0 0 0 100
0 0 0 100
0 0 0 100
0 0 0 100
0 0 0 100
0 0 0 100
0 0 0 100
0 0 0 100
0 0 0 100
0 0 0 100
8 0 0 92
99 0 1 0
100 0 0 0
100 0 0 0
100 0 0 0
100 0 0 0
96 0 0 4
100 0 0 0
100 0 0 0
100 0 0 0
100 0 0 0
100 0 0 0
99 0 0 1
100 0 0 0
100 0 0 0
100 0 0 0
100 0 0 0
100 0 0 0
61 0 0 39
47 0 1 52
100 0 0 0
100 0 0 0
100 0 0 0
100 0 0 0
100 0 0 0
100 0 0 0
100 0 0 0
100 0 0 0
100 0 0 0
100 0 0 0
100 0 0 0
99 0 1 0
100 0 0 0
100 0 0 0
100 0 0 0
100 0 0 0
100 0 0 0
100 0 0 0
100 0 0 0
100 0 0 0
100 0 0 0
100 0 0 0
100 0 0 0
100 0 0 0
100 0 0 0
100 0 0 0
100 0 0 0
100 0 0 0
100 0 0 0
100 0 0 0
100 0 0 0
100 0 0 0
100 0 0 0
100 0 0 0
100 0 0 0
100 0 0 0
98 0 0 2
100 0 0 0
100 0 0 0
100 0 0 0
100 0 0 0
100 0 0 0
100 0 0 0
100 0 0 0
100 0 0 0
100 0 0 0
64 0 3 33
2 1 0 97
0 0 0 100
0 0 0 100
0 0 0 100
7 0 2 91
100 0 0 0
100 0 0 0
100 0 0 0
100 0 0 0
100 0 0 0
98 0 0 2
100 0 0 0
100 0 0 0
100 0 0 0
99 0 0 1
100 0 0 0
100 0 0 0
100 0 0 0
100 0 0 0
100 0 0 0
100 0 0 0
100 0 0 0
100 0 0 0
100 0 0 0
100 0 0 0
100 0 0 0
100 0 0 0
100 0 0 0
93 0 0 7
100 0 0 0
100 0 0 0
100 0 0 0
100 0 0 0
100 0 0 0
42 58 0 0
0 100 0 0
0 100 0 0
15 76 4 5
100 0 0 0
100 0 0 0
100 0 0 0
98 1 0 1
100 0 0 0
100 0 0 0
100 0 0 0
100 0 0 0
100 0 0 0
100 0 0 0
100 0 0 0
100 0 0 0
100 0 0 0
100 0 0 0
100 0 0 0
100 0 0 0
100 0 0 0
100 0 0 0
100 0 0 0
100 0 0 0
100 0 0 0
100 0 0 0
100 0 0 0
88 1 1 10
100 0 0 0
100 0 0 0
100 0 0 0
98 0 2 0
100 0 0 0
100 0 0 0
100 0 0 0
100 0 0 0
100 0 0 0
100 0 0 0
100 0 0 0
98 0 0 2
100 0 0 0
100 0 0 0
100 0 0 0
100 0 0 0
100 0 0 0
100 0 0 0
100 0 0 0
100 0 0 0
100 0 0 0
100 0 0 0
100 0 0 0
100 0 0 0
95 0 2 3
100 0 0 0
100 0 0 0
100 0 0 0
100 0 0 0
100 0 0 0
100 0 0 0
100 0 0 0
99 0 0 1
100 0 0 0
100 0 0 0
100 0 0 0
100 0 0 0
100 0 0 0
100 0 0 0
100 0 0 0
100 0 0 0
99 0 0 1
100 0 0 0
99 0 0 1
100 0 0 0
100 0 0 0
100 0 0 0
100 0 0 0
71 13 1 15
92 0 0 8
100 0 0 0
100 0 0 0
100 0 0 0
100 0 0 0
100 0 0 0
100 0 0 0
99 0 0 1
100 0 0 0
100 0 0 0
99 0 0 1
100 0 0 0
100 0 0 0
99 0 1 0
100 0 0 0
85 0 5 10
93 1 0 6
93 0 0 7
93 0 1 6
94 0 0 6
89 0 0 11
65 20 9 6
0 99 1 0
6 92 0 2
10 0 28 62
0 0 0 100
0 0 0 100
0 0 0 100
3 0 86 11
0 0 100 0
0 0 100 0
0 0 100 0
7 1 89 3
99 0 1 0
100 0 0 0
100 0 0 0
100 0 0 0
100 0 0 0
100 0 0 0
67 31 1 1
0 100 0 0
0 100 0 0
52 48 0 0
100 0 0 0
100 0 0 0
100 0 0 0
100 0 0 0
100 0 0 0
100 0 0 0
100 0 0 0
100 0 0 0
100 0 0 0
100 0 0 0
100 0 0 0
100 0 0 0
100 0 0 0
100 0 0 0
100 0 0 0
100 0 0 0
100 0 0 0
100 0 0 0
100 0 0 0
77 23 0 0
0 100 0 0
0 100 0 0
47 52 0 1
100 0 0 0
100 0 0 0
100 0 0 0
100 0 0 0
100 0 0 0
100 0 0 0
97 3 0 0
100 0 0 0
100 0 0 0
100 0 0 0
100 0 0 0
100 0 0 0
100 0 0 0
100 0 0 0
100 0 0 0
99 1 0 0
100 0 0 0
99 0 0 1
100 0 0 0
60 34 0 6
0 100 0 0
0 100 0 0
5 95 0 0
0 100 0 0
0 100 0 0
0 100 0 0
0 100 0 0
0 100 0 0
0 100 0 0
0 100 0 0
0 100 0 0
0 100 0 0
8 60 3 29
100 0 0 0
100 0 0 0
100 0 0 0
100 0 0 0
97 0 1 2
100 0 0 0
100 0 0 0
100 0 0 0
100 0 0 0
100 0 0 0
100 0 0 0
99 0 0 1
100 0 0 0
100 0 0 0
100 0 0 0
100 0 0 0
100 0 0 0
100 0 0 0
100 0 0 0
99 0 1 0
87 0 3 10
100 0 0 0
99 0 1 0
100 0 0 0
100 0 0 0
100 0 0 0
100 0 0 0
100 0 0 0
100 0 0 0
100 0 0 0
100 0 0 0
100 0 0 0
100 0 0 0
100 0 0 0
100 0 0 0
100 0 0 0
100 0 0 0
100 0 0 0
100 0 0 0
99 0 0 1
100 0 0 0
100 0 0 0
100 0 0 0
100 0 0 0
100 0 0 0
100 0 0 0
98 0 2 0
88 0 1 11
100 0 0 0
100 0 0 0
100 0 0 0
100 0 0 0
100 0 0 0
100 0 0 0
95 0 1 4
100 0 0 0
99 0 0 1
100 0 0 0
100 0 0 0
100 0 0 0
100 0 0 0
100 0 0 0
100 0 0 0
6 1 3 90
0 0 0 100
0 0 0 100
0 0 0 100
1 0 0 99
0 0 0 100
0 0 0 100
0 0 0 100
0 0 0 100
0 0 0 100
1 0 0 99
0 0 0 100
0 0 0 100
0 0 0 100
0 0 0 100
0 0 0 100
9 0 3 88
0 0 0 100
0 0 0 100
0 0 0 100
0 0 0 100
0 0 0 100
0 0 0 100
0 0 0 100
0 0 0 100
0 0 0 100
0 0 0 100
0 0 0 100
0 0 0 100
0 0 0 100
0 0 0 100
0 0 0 100
0 0 0 100
0 0 2 98
0 0 0 100
1 0 0 99
0 0 0 100
0 0 2 98
0 0 0 100
0 0 0 100
0 0 0 100
0 0 2 98
0 0 3 97
0 0 0 100
0 0 0 100
0 0 0 100
0 0 0 100
0 0 0 100
0 0 0 100
0 0 0 100
0 0 0 100
0 0 0 100
0 0 0 100
0 0 0 100
0 0 0 100
0 0 0 100
0 0 0 100
0 0 0 100
0 0 0 100
0 0 0 100
21 0 5 74
0 0 2 98
0 0 0 100
15 16 2 67
0 100 0 0
0 100 0 0
0 100 0 0
0 100 0 0
0 100 0 0
0 100 0 0
0 46 0 54
8 2 0 90
3 0 0 97
42 4 8 46
3 0 34 63
1 0 20 79
0 0 19 81
0 0 17 83
0 0 100 0
3 0 21 76
0 0 0 100
0 0 0 100
0 0 0 100
0 0 0 100
0 0 0 100
0 0 0 100
0 0 0 100
0 0 0 100
0 0 0 100
0 0 0 100
16 6 63 15
0 0 100 0
0 0 100 0
0 0 100 0
0 0 100 0
0 0 100 0
0 0 100 0
0 0 100 0
0 0 100 0
0 0 98 2
1 1 98 0
0 0 100 0
0 0 100 0
3 0 93 4
99 0 1 0
100 0 0 0
100 0 0 0
100 0 0 0
100 0 0 0
100 0 0 0
100 0 0 0
99 0 0 1
100 0 0 0
100 0 0 0
100 0 0 0
100 0 0 0
100 0 0 0
100 0 0 0
100 0 0 0
100 0 0 0
100 0 0 0
100 0 0 0
100 0 0 0
100 0 0 0
100 0 0 0
100 0 0 0
100 0 0 0
100 0 0 0
100 0 0 0
100 0 0 0
86 0 3 11
88 0 0 12
100 0 0 0
100 0 0 0
100 0 0 0
100 0 0 0
100 0 0 0
99 0 0 1
100 0 0 0
100 0 0 0
100 0 0 0
100 0 0 0
100 0 0 0
100 0 0 0
100 0 0 0
100 0 0 0
100 0 0 0
100 0 0 0
100 0 0 0
100 0 0 0
100 0 0 0
100 0 0 0
100 0 0 0
100 0 0 0
100 0 0 0
100 0 0 0
100 0 0 0
100 0 0 0
98 0 0 2
100 0 0 0
100 0 0 0
100 0 0 0
100 0 0 0
100 0 0 0
100 0 0 0
99 0 0 1
100 0 0 0
100 0 0 0
100 0 0 0
100 0 0 0
100 0 0 0
100 0 0 0
100 0 0 0
99 0 0 1
100 0 0 0
98 0 0 2
100 0 0 0
99 0 0 1
99 0 0 1
97 0 0 3
98 0 0 2
100 0 0 0
100 0 0 0
100 0 0 0
100 0 0 0
100 0 0 0
100 0 0 0
100 0 0 0
100 0 0 0
100 0 0 0
100 0 0 0
100 0 0 0
100 0 0 0
100 0 0 0
100 0 0 0
100 0 0 0
100 0 0 0
100 0 0 0
100 0 0 0
100 0 0 0
100 0 0 0
96 0 0 4
100 0 0 0
100 0 0 0
100 0 0 0
100 0 0 0
100 0 0 0
99 0 0 1
100 0 0 0
100 0 0 0
100 0 0 0
79 0 5 16
100 0 0 0
99 0 0 1
100 0 0 0
100 0 0 0
100 0 0 0
100 0 0 0
100 0 0 0
100 0 0 0
28 0 1 71
0 0 0 100
0 0 0 100
0 0 0 100
0 0 0 100
0 0 74 26
0 0 100 0
0 0 100 0
0 0 100 0
0 0 100 0
0 0 100 0
47 0 53 0
100 0 0 0
2 0 0 98
68 0 0 32
100 0 0 0
100 0 0 0
100 0 0 0
100 0 0 0
100 0 0 0
100 0 0 0
100 0 0 0
100 0 0 0
99 0 0 1
100 0 0 0
100 0 0 0
100 0 0 0
100 0 0 0
100 0 0 0
100 0 0 0
3 0 0 97
0 0 0 100
3 0 2 95
0 0 0 100
1 0 1 98
14 0 0 86
47 0 0 53
97 0 0 3
100 0 0 0
100 0 0 0
100 0 0 0
100 0 0 0
97 0 0 3
100 0 0 0
100 0 0 0
100 0 0 0
98 0 0 2
100 0 0 0
97 0 3 0
100 0 0 0
100 0 0 0
100 0 0 0
100 0 0 0
97 0 0 3
100 0 0 0
100 0 0 0
100 0 0 0
100 0 0 0
100 0 0 0
100 0 0 0
100 0 0 0
100 0 0 0
99 0 1 0
100 0 0 0
100 0 0 0
100 0 0 0
99 0 0 1
100 0 0 0
100 0 0 0
100 0 0 0
100 0 0 0
100 0 0 0
100 0 0 0
100 0 0 0
100 0 0 0
100 0 0 0
100 0 0 0
99 0 1 0
100 0 0 0
100 0 0 0
98 0 1 1
100 0 0 0
100 0 0 0
100 0 0 0
100 0 0 0
100 0 0 0
100 0 0 0
100 0 0 0
100 0 0 0
100 0 0 0
100 0 0 0
100 0 0 0
99 0 0 1
100 0 0 0
100 0 0 0
100 0 0 0
100 0 0 0
100 0 0 0
100 0 0 0
100 0 0 0
100 0 0 0
100 0 0 0
100 0 0 0
100 0 0 0
100 0 0 0
100 0 0 0
100 0 0 0
100 0 0 0
100 0 0 0
100 0 0 0
99 0 1 0
100 0 0 0
100 0 0 0
100 0 0 0
100 0 0 0
100 0 0 0
100 0 0 0
100 0 0 0
100 0 0 0
100 0 0 0
100 0 0 0
100 0 0 0
100 0 0 0
100 0 0 0
100 0 0 0
100 0 0 0
87 0 2 11
100 0 0 0
100 0 0 0
100 0 0 0
100 0 0 0
99 0 0 1
100 0 0 0
100 0 0 0
100 0 0 0
100 0 0 0
100 0 0 0
100 0 0 0
100 0 0 0
100 0 0 0
100 0 0 0
99 0 1 0
100 0 0 0
99 0 0 1
100 0 0 0
100 0 0 0
100 0 0 0
100 0 0 0
100 0 0 0
100 0 0 0
100 0 0 0
100 0 0 0
100 0 0 0
100 0 0 0
100 0 0 0
100 0 0 0
100 0 0 0
100 0 0 0
99 0 1 0
100 0 0 0
100 0 0 0
100 0 0 0
100 0 0 0
97 0 0 3
100 0 0 0
100 0 0 0
100 0 0 0
100 0 0 0
100 0 0 0
100 0 0 0
100 0 0 0
100 0 0 0
100 0 0 0
100 0 0 0
100 0 0 0
100 0 0 0
100 0 0 0
100 0 0 0
100 0 0 0
100 0 0 0
100 0 0 0
100 0 0 0
100 0 0 0
100 0 0 0
100 0 0 0
100 0 0 0
100 0 0 0
100 0 0 0
87 0 3 10
100 0 0 0
100 0 0 0
100 0 0 0
100 0 0 0
100 0 0 0
100 0 0 0
100 0 0 0
98 0 1 1
100 0 0 0
100 0 0 0
100 0 0 0
100 0 0 0
100 0 0 0
100 0 0 0
100 0 0 0
100 0 0 0
100 0 0 0
100 0 0 0
100 0 0 0
100 0 0 0
100 0 0 0
100 0 0 0
100 0 0 0
100 0 0 0
100 0 0 0
100 0 0 0
100 0 0 0
100 0 0 0
100 0 0 0
100 0 0 0
100 0 0 0
100 0 0 0
100 0 0 0
100 0 0 0
100 0 0 0
100 0 0 0
100 0 0 0
100 0 0 0
100 0 0 0
100 0 0 0
100 0 0 0
100 0 0 0
100 0 0 0
100 0 0 0
100 0 0 0
95 0 0 5
90 0 3 7
2 0 0 98
0 0 0 100
0 0 32 68
0 0 100 0
0 0 100 0
0 0 27 73
0 0 0 100
0 0 0 100
0 0 0 100
5 0 2 93
0 0 0 100
0 0 0 100
0 0 0 100
0 0 0 100
0 0 0 100
0 0 0 100
0 0 0 100
0 0 0 100
0 0 0 100
2 0 0 98
0 0 0 100
1 0 0 99
0 0 0 100
0 0 0 100
0 0 0 100
0 0 0 100
0 0 0 100
0 0 0 100
0 0 0 100
0 0 0 100
0 0 0 100
0 0 0 100
0 0 0 100
0 0 0 100
0 0 0 100
0 0 0 100
0 0 0 100
0 0 0 100
20 0 0 80
99 0 0 1
100 0 0 0
100 0 0 0
100 0 0 0
100 0 0 0
100 0 0 0
99 0 1 0
100 0 0 0
100 0 0 0
100 0 0 0
100 0 0 0
100 0 0 0
100 0 0 0
100 0 0 0
89 0 5 6
100 0 0 0
100 0 0 0
100 0 0 0
100 0 0 0
99 0 0 1
100 0 0 0
100 0 0 0
100 0 0 0
100 0 0 0
100 0 0 0
100 0 0 0
100 0 0 0
100 0 0 0
100 0 0 0
100 0 0 0
100 0 0 0
18 0 14 68
0 0 7 93
0 0 5 95
0 0 4 96
0 0 2 98
0 0 2 98
0 0 2 98
78 0 1 21
100 0 0 0
99 0 1 0
100 0 0 0
100 0 0 0
100 0 0 0
100 0 0 0
100 0 0 0
100 0 0 0
100 0 0 0
99 0 1 0
100 0 0 0
100 0 0 0
100 0 0 0
100 0 0 0
100 0 0 0
100 0 0 0
100 0 0 0
100 0 0 0
100 0 0 0
100 0 0 0
100 0 0 0
99 0 1 0
100 0 0 0
100 0 0 0
100 0 0 0
100 0 0 0
100 0 0 0
100 0 0 0
100 0 0 0
100 0 0 0
100 0 0 0
100 0 0 0
100 0 0 0
100 0 0 0
100 0 0 0
100 0 0 0
100 0 0 0
99 0 0 1
100 0 0 0
98 0 0 2
100 0 0 0
100 0 0 0
100 0 0 0
100 0 0 0
100 0 0 0
100 0 0 0
100 0 0 0
100 0 0 0
100 0 0 0
100 0 0 0
31 0 0 69
0 0 0 100
0 0 0 100
0 0 0 100
0 0 0 100
1 0 0 99
0 0 0 100
0 0 0 100
0 0 0 100
0 0 0 100
0 0 0 100
0 0 0 100
0 0 0 100
0 0 0 100
0 0 0 100
0 0 0 100
0 0 0 100
0 0 0 100
0 0 1 99
0 0 0 100
0 0 0 100
0 0 0 100
0 0 0 100
0 0 0 100
0 0 0 100
5 0 0 95
53 0 12 35
92 0 8 0
100 0 0 0
100 0 0 0
100 0 0 0
100 0 0 0
100 0 0 0
100 0 0 0
99 0 0 1
100 0 0 0
100 0 0 0
100 0 0 0
100 0 0 0
40 0 9 51
0 0 2 98
0 0 0 100
0 0 0 100
0 0 0 100
1 0 0 99
0 0 0 100
0 0 0 100
0 0 0 100
0 0 0 100
0 0 0 100
0 0 0 100
0 0 0 100
0 0 0 100
0 0 0 100
0 0 0 100
0 0 0 100
0 0 0 100
0 0 0 100
0 0 0 100
0 0 0 100
0 0 0 100
0 0 0 100
0 0 0 100
0 0 0 100
0 0 2 98
0 0 0 100
0 0 0 100
0 0 0 100
11 0 15 74
0 0 100 0
1 0 72 27
0 0 0 100
1 0 1 98
6 0 2 92
100 0 0 0
100 0 0 0
100 0 0 0
56 0 6 38
0 0 0 100
0 0 0 100
0 0 0 100
0 0 0 100
0 0 0 100
0 0 0 100
0 0 0 100
0 0 0 100
0 0 0 100
1 0 0 99
1 0 1 98
64 0 0 36
71 0 2 27
4 0 17 79
1 0 0 99
0 0 0 100
0 0 0 100
0 0 0 100
0 0 0 100
0 0 0 100
0 0 0 100
0 0 1 99
0 0 0 100
0 0 0 100
0 0 0 100
0 0 0 100
0 0 0 100
0 0 0 100
0 0 0 100
0 0 0 100
0 0 0 100
0 0 0 100
0 0 0 100
0 0 0 100
0 0 0 100
0 0 0 100
0 0 0 100
0 0 0 100
0 0 0 100
0 0 0 100
0 0 0 100
0 0 0 100
0 0 0 100
0 0 0 100
0 0 1 99
0 0 0 100
0 0 0 100
0 0 0 100
0 0 0 100
0 0 0 100
0 0 0 100
0 0 1 99
0 0 0 100
0 0 0 100
0 0 1 99
0 0 0 100
0 0 0 100
0 0 0 100
0 0 0 100
0 0 0 100
0 0 0 100
0 0 0 100
0 0 0 100
0 0 0 100
0 0 0 100
0 0 0 100
0 0 0 100
0 0 0 100
0 0 0 100
0 0 0 100
0 0 0 100
0 0 0 100
0 0 1 99
0 0 0 100
0 0 0 100
0 0 0 100
0 0 0 100
0 0 0 100
34 0 3 63
17 0 4 79
0 0 6 94
0 0 0 100
0 0 0 100
0 0 0 100
0 0 0 100
1 0 0 99
0 0 0 100
0 0 0 100
0 0 0 100
0 0 0 100
0 0 0 100
0 0 0 100
0 0 0 100
0 0 0 100
0 0 0 100
0 0 0 100
0 0 0 100
0 0 0 100
0 0 0 100
0 0 0 100
0 0 0 100
0 0 0 100
0 0 0 100
0 0 1 99
0 0 0 100
0 0 0 100
0 0 2 98
0 0 0 100
0 0 0 100
0 0 0 100
0 0 0 100
0 0 0 100
0 0 0 100
0 0 61 39
0 0 100 0
0 0 100 0
0 0 100 0
0 0 100 0
0 0 100 0
0 0 98 2
0 0 100 0
0 0 100 0
0 0 100 0
0 0 100 0
0 0 100 0
0 0 100 0
0 0 100 0
0 0 100 0
0 0 100 0
0 0 100 0
0 0 100 0
22 0 72 6
100 0 0 0
100 0 0 0
100 0 0 0
99 0 0 1
100 0 0 0
99 0 0 1
100 0 0 0
100 0 0 0
100 0 0 0
100 0 0 0
100 0 0 0
100 0 0 0
100 0 0 0
100 0 0 0
100 0 0 0
100 0 0 0
100 0 0 0
100 0 0 0
85 0 7 8
97 0 1 2
100 0 0 0
100 0 0 0
100 0 0 0
100 0 0 0
100 0 0 0
100 0 0 0
100 0 0 0
100 0 0 0
100 0 0 0
100 0 0 0
100 0 0 0
100 0 0 0
100 0 0 0
100 0 0 0
100 0 0 0
100 0 0 0
100 0 0 0
99 0 0 1
100 0 0 0
100 0 0 0
100 0 0 0
81 0 1 18
100 0 0 0
100 0 0 0
100 0 0 0
100 0 0 0
100 0 0 0
97 0 1 2
99 0 0 1
100 0 0 0
100 0 0 0
100 0 0 0
100 0 0 0
100 0 0 0
100 0 0 0
99 0 1 0
100 0 0 0
100 0 0 0
99 0 0 1
100 0 0 0
100 0 0 0
100 0 0 0
100 0 0 0
100 0 0 0
100 0 0 0
100 0 0 0
100 0 0 0
100 0 0 0
100 0 0 0
100 0 0 0
100 0 0 0
99 0 1 0
100 0 0 0
100 0 0 0
100 0 0 0
100 0 0 0
100 0 0 0
100 0 0 0
100 0 0 0
100 0 0 0
100 0 0 0
100 0 0 0
75 0 5 20
89 0 5 6
99 0 1 0
100 0 0 0
100 0 0 0
100 0 0 0
100 0 0 0
100 0 0 0
100 0 0 0
100 0 0 0
100 0 0 0
100 0 0 0
100 0 0 0
100 0 0 0
100 0 0 0
100 0 0 0
100 0 0 0
98 0 0 2
95 0 0 5
100 0 0 0
100 0 0 0
100 0 0 0
100 0 0 0
100 0 0 0
100 0 0 0
100 0 0 0
100 0 0 0
100 0 0 0
100 0 0 0
100 0 0 0
100 0 0 0
100 0 0 0
100 0 0 0
100 0 0 0
100 0 0 0
100 0 0 0
99 0 0 1
100 0 0 0
100 0 0 0
100 0 0 0
100 0 0 0
100 0 0 0
100 0 0 0
100 0 0 0
100 0 0 0
100 0 0 0
100 0 0 0
100 0 0 0
100 0 0 0
100 0 0 0
100 0 0 0
100 0 0 0
99 0 0 1
100 0 0 0
100 0 0 0
100 0 0 0
100 0 0 0
100 0 0 0
100 0 0 0
100 0 0 0
100 0 0 0
100 0 0 0
100 0 0 0
100 0 0 0
100 0 0 0
100 0 0 0
100 0 0 0
100 0 0 0
100 0 0 0
100 0 0 0
100 0 0 0
100 0 0 0
100 0 0 0
100 0 0 0
100 0 0 0
98 0 0 2
100 0 0 0
100 0 0 0
100 0 0 0
100 0 0 0
100 0 0 0
100 0 0 0
100 0 0 0
100 0 0 0
100 0 0 0
100 0 0 0
100 0 0 0
100 0 0 0
100 0 0 0
100 0 0 0
100 0 0 0
100 0 0 0
100 0 0 0
100 0 0 0
100 0 0 0
100 0 0 0
100 0 0 0
100 0 0 0
100 0 0 0
94 0 0 6
100 0 0 0
100 0 0 0
100 0 0 0
100 0 0 0
100 0 0 0
100 0 0 0
100 0 0 0
100 0 0 0
99 0 0 1
100 0 0 0
100 0 0 0
100 0 0 0
100 0 0 0
100 0 0 0
100 0 0 0
100 0 0 0
100 0 0 0
100 0 0 0
100 0 0 0
100 0 0 0
100 0 0 0
100 0 0 0
29 0 1 70
86 0 0 14
99 0 0 1
100 0 0 0
100 0 0 0
100 0 0 0
100 0 0 0
100 0 0 0
100 0 0 0
100 0 0 0
100 0 0 0
100 0 0 0
100 0 0 0
99 0 0 1
100 0 0 0
100 0 0 0
100 0 0 0
100 0 0 0
100 0 0 0
100 0 0 0
100 0 0 0
100 0 0 0
100 0 0 0
99 0 0 1
100 0 0 0
100 0 0 0
100 0 0 0
99 0 0 1
100 0 0 0
100 0 0 0
100 0 0 0
100 0 0 0
100 0 0 0
100 0 0 0
100 0 0 0
100 0 0 0
100 0 0 0
100 0 0 0
100 0 0 0
100 0 0 0
100 0 0 0
99 0 0 1
100 0 0 0
100 0 0 0
100 0 0 0
100 0 0 0
100 0 0 0
100 0 0 0
100 0 0 0
100 0 0 0
100 0 0 0
100 0 0 0
100 0 0 0
99 0 0 1
100 0 0 0
100 0 0 0
100 0 0 0
100 0 0 0
100 0 0 0
100 0 0 0
100 0 0 0
100 0 0 0
100 0 0 0
100 0 0 0
100 0 0 0
100 0 0 0
100 0 0 0
100 0 0 0
100 0 0 0
100 0 0 0
100 0 0 0
100 0 0 0
100 0 0 0
100 0 0 0
99 0 0 1
100 0 0 0
100 0 0 0
100 0 0 0
100 0 0 0
100 0 0 0
100 0 0 0
100 0 0 0
100 0 0 0
99 0 1 0
100 0 0 0
100 0 0 0
100 0 0 0
100 0 0 0
100 0 0 0
100 0 0 0
100 0 0 0
100 0 0 0
100 0 0 0
99 0 0 1
100 0 0 0
100 0 0 0
100 0 0 0
100 0 0 0
99 0 1 0
100 0 0 0
100 0 0 0
100 0 0 0
100 0 0 0
100 0 0 0
100 0 0 0
100 0 0 0
100 0 0 0
100 0 0 0
100 0 0 0
100 0 0 0
100 0 0 0
100 0 0 0
100 0 0 0
100 0 0 0
100 0 0 0
95 0 0 5
100 0 0 0
100 0 0 0
100 0 0 0
100 0 0 0
100 0 0 0
100 0 0 0
100 0 0 0
100 0 0 0
100 0 0 0
100 0 0 0
100 0 0 0
100 0 0 0
100 0 0 0
100 0 0 0
100 0 0 0
100 0 0 0
100 0 0 0
100 0 0 0
100 0 0 0
100 0 0 0
100 0 0 0
100 0 0 0
100 0 0 0
100 0 0 0
100 0 0 0
100 0 0 0
100 0 0 0
100 0 0 0
100 0 0 0
100 0 0 0
100 0 0 0
100 0 0 0
100 0 0 0
100 0 0 0
100 0 0 0
100 0 0 0
100 0 0 0
100 0 0 0
100 0 0 0
100 0 0 0
100 0 0 0
100 0 0 0
99 0 0 1
100 0 0 0
100 0 0 0
100 0 0 0
100 0 0 0
100 0 0 0
100 0 0 0
100 0 0 0
100 0 0 0
100 0 0 0
100 0 0 0
100 0 0 0
100 0 0 0
100 0 0 0
100 0 0 0
100 0 0 0
100 0 0 0
100 0 0 0
100 0 0 0
100 0 0 0
100 0 0 0
99 0 0 1
100 0 0 0
100 0 0 0
100 0 0 0
100 0 0 0
100 0 0 0
100 0 0 0
100 0 0 0
100 0 0 0
94 0 0 6
100 0 0 0
100 0 0 0
100 0 0 0
100 0 0 0
100 0 0 0
100 0 0 0
100 0 0 0
100 0 0 0
100 0 0 0
100 0 0 0
99 0 0 1
100 0 0 0
100 0 0 0
100 0 0 0
100 0 0 0
100 0 0 0
100 0 0 0
100 0 0 0
100 0 0 0
100 0 0 0
100 0 0 0
99 0 0 1
100 0 0 0
100 0 0 0
100 0 0 0
100 0 0 0
100 0 0 0
100 0 0 0
100 0 0 0
100 0 0 0
100 0 0 0
100 0 0 0
100 0 0 0
100 0 0 0
100 0 0 0
99 0 0 1
100 0 0 0
100 0 0 0
100 0 0 0
100 0 0 0
100 0 0 0
99 0 0 1
100 0 0 0
99 0 0 1
100 0 0 0
100 0 0 0
100 0 0 0
100 0 0 0
100 0 0 0
100 0 0 0
100 0 0 0
100 0 0 0
100 0 0 0
100 0 0 0
100 0 0 0
100 0 0 0
93 0 0 7
100 0 0 0
100 0 0 0
100 0 0 0
100 0 0 0
100 0 0 0
100 0 0 0
100 0 0 0
100 0 0 0
100 0 0 0
100 0 0 0
100 0 0 0
100 0 0 0
100 0 0 0
100 0 0 0
100 0 0 0
100 0 0 0
100 0 0 0
99 0 1 0
100 0 0 0
100 0 0 0
100 0 0 0
100 0 0 0
94 0 0 6
100 0 0 0
100 0 0 0
100 0 0 0
100 0 0 0
100 0 0 0
100 0 0 0
100 0 0 0
100 0 0 0
100 0 0 0
100 0 0 0
100 0 0 0
99 0 0 1
100 0 0 0
100 0 0 0
100 0 0 0
100 0 0 0
100 0 0 0
100 0 0 0
100 0 0 0
100 0 0 0
100 0 0 0
100 0 0 0
100 0 0 0
100 0 0 0
100 0 0 0
100 0 0 0
100 0 0 0
100 0 0 0
100 0 0 0
100 0 0 0
100 0 0 0
100 0 0 0
100 0 0 0
100 0 0 0
100 0 0 0
100 0 0 0
100 0 0 0
100 0 0 0
100 0 0 0
98 0 0 2
100 0 0 0
100 0 0 0
100 0 0 0
100 0 0 0
100 0 0 0
100 0 0 0
100 0 0 0
100 0 0 0
100 0 0 0
100 0 0 0
91 0 0 9
100 0 0 0
100 0 0 0
100 0 0 0
98 0 0 2
100 0 0 0
100 0 0 0
100 0 0 0
100 0 0 0
100 0 0 0
100 0 0 0
100 0 0 0
100 0 0 0
100 0 0 0
100 0 0 0
100 0 0 0
100 0 0 0
100 0 0 0
100 0 0 0
100 0 0 0
100 0 0 0
100 0 0 0
100 0 0 0
100 0 0 0
100 0 0 0
100 0 0 0
100 0 0 0
100 0 0 0
100 0 0 0
100 0 0 0
100 0 0 0
100 0 0 0
100 0 0 0
100 0 0 0
100 0 0 0
100 0 0 0
100 0 0 0
100 0 0 0
100 0 0 0
100 0 0 0
100 0 0 0
100 0 0 0
100 0 0 0
100 0 0 0
100 0 0 0
100 0 0 0
90 0 0 10
100 0 0 0
100 0 0 0
100 0 0 0
100 0 0 0
100 0 0 0
100 0 0 0
100 0 0 0
100 0 0 0
100 0 0 0
100 0 0 0
100 0 0 0
100 0 0 0
100 0 0 0
100 0 0 0
100 0 0 0
100 0 0 0
100 0 0 0
100 0 0 0
100 0 0 0
100 0 0 0
100 0 0 0
100 0 0 0
100 0 0 0
100 0 0 0
100 0 0 0
100 0 0 0
100 0 0 0
100 0 0 0
100 0 0 0
100 0 0 0
100 0 0 0
99 0 0 1
100 0 0 0
100 0 0 0
100 0 0 0
100 0 0 0
100 0 0 0
100 0 0 0
100 0 0 0
100 0 0 0
100 0 0 0
100 0 0 0
100 0 0 0
100 0 0 0
100 0 0 0
100 0 0 0
100 0 0 0
100 0 0 0
100 0 0 0
100 0 0 0
100 0 0 0
100 0 0 0
100 0 0 0
100 0 0 0
100 0 0 0
94 0 0 6
100 0 0 0
100 0 0 0
100 0 0 0
100 0 0 0
100 0 0 0
100 0 0 0
100 0 0 0
100 0 0 0
99 0 1 0
100 0 0 0
100 0 0 0
100 0 0 0
100 0 0 0
100 0 0 0
100 0 0 0
100 0 0 0
100 0 0 0
100 0 0 0
100 0 0 0
100 0 0 0
100 0 0 0
100 0 0 0
100 0 0 0
100 0 0 0
100 0 0 0
100 0 0 0
100 0 0 0
100 0 0 0
100 0 0 0
100 0 0 0
100 0 0 0
100 0 0 0
100 0 0 0
100 0 0 0
100 0 0 0
100 0 0 0
100 0 0 0
100 0 0 0
100 0 0 0
100 0 0 0
100 0 0 0
100 0 0 0
100 0 0 0
100 0 0 0
100 0 0 0
100 0 0 0
98 0 0 2
100 0 0 0
100 0 0 0
99 0 1 0
100 0 0 0
100 0 0 0
100 0 0 0
100 0 0 0
100 0 0 0
100 0 0 0
100 0 0 0
100 0 0 0
100 0 0 0
100 0 0 0
100 0 0 0
100 0 0 0
100 0 0 0
100 0 0 0
100 0 0 0
100 0 0 0
100 0 0 0
100 0 0 0
100 0 0 0
100 0 0 0
100 0 0 0
100 0 0 0
100 0 0 0
100 0 0 0
100 0 0 0
100 0 0 0
100 0 0 0
97 0 0 3
100 0 0 0
100 0 0 0
100 0 0 0
100 0 0 0
100 0 0 0
100 0 0 0
100 0 0 0
100 0 0 0
100 0 0 0
100 0 0 0
100 0 0 0
100 0 0 0
100 0 0 0
100 0 0 0
100 0 0 0
100 0 0 0
100 0 0 0
97 0 0 3
100 0 0 0
100 0 0 0
100 0 0 0
100 0 0 0
100 0 0 0
100 0 0 0
100 0 0 0
100 0 0 0
100 0 0 0
100 0 0 0
100 0 0 0
100 0 0 0
100 0 0 0
100 0 0 0
100 0 0 0
100 0 0 0
100 0 0 0
81 0 0 19
100 0 0 0
100 0 0 0
100 0 0 0
100 0 0 0
100 0 0 0
100 0 0 0
100 0 0 0
100 0 0 0
98 0 0 2
100 0 0 0
100 0 0 0
100 0 0 0
98 0 0 2
100 0 0 0
99 0 1 0
100 0 0 0
100 0 0 0
100 0 0 0
100 0 0 0
100 0 0 0
100 0 0 0
100 0 0 0
100 0 0 0
100 0 0 0
100 0 0 0
100 0 0 0
100 0 0 0
100 0 0 0
100 0 0 0
100 0 0 0
100 0 0 0
100 0 0 0
100 0 0 0
100 0 0 0
100 0 0 0
100 0 0 0
100 0 0 0
100 0 0 0
100 0 0 0
100 0 0 0
100 0 0 0
100 0 0 0
100 0 0 0
100 0 0 0
100 0 0 0
100 0 0 0
100 0 0 0
100 0 0 0
100 0 0 0
99 0 0 1
100 0 0 0
100 0 0 0
100 0 0 0
100 0 0 0
89 0 0 11
78 0 0 22
100 0 0 0
100 0 0 0
100 0 0 0
100 0 0 0
100 0 0 0
99 0 0 1
100 0 0 0
100 0 0 0
100 0 0 0
100 0 0 0
100 0 0 0
100 0 0 0
100 0 0 0
100 0 0 0
100 0 0 0
100 0 0 0
100 0 0 0
99 0 0 1
100 0 0 0
100 0 0 0
99 0 1 0
100 0 0 0
100 0 0 0
100 0 0 0
100 0 0 0
100 0 0 0
100 0 0 0
100 0 0 0
100 0 0 0
100 0 0 0
100 0 0 0
100 0 0 0
100 0 0 0
100 0 0 0
100 0 0 0
100 0 0 0
100 0 0 0
100 0 0 0
100 0 0 0
100 0 0 0
100 0 0 0
100 0 0 0
100 0 0 0
100 0 0 0
100 0 0 0
100 0 0 0
100 0 0 0
100 0 0 0
100 0 0 0
100 0 0 0
100 0 0 0
100 0 0 0
100 0 0 0
100 0 0 0
100 0 0 0
100 0 0 0
100 0 0 0
100 0 0 0
100 0 0 0
100 0 0 0
98 0 0 2
100 0 0 0
100 0 0 0
100 0 0 0
100 0 0 0
100 0 0 0
82 0 0 18
98 0 0 2
100 0 0 0
100 0 0 0
100 0 0 0
100 0 0 0
99 0 0 1
100 0 0 0
99 0 0 1
100 0 0 0
99 0 0 1
100 0 0 0
100 0 0 0
100 0 0 0
99 0 0 1
100 0 0 0
100 0 0 0
100 0 0 0
100 0 0 0
100 0 0 0
100 0 0 0
100 0 0 0
100 0 0 0
100 0 0 0
100 0 0 0
100 0 0 0
100 0 0 0
100 0 0 0
100 0 0 0
100 0 0 0
100 0 0 0
100 0 0 0
100 0 0 0
98 0 0 2
100 0 0 0
100 0 0 0
100 0 0 0
100 0 0 0
100 0 0 0
100 0 0 0
100 0 0 0
100 0 0 0
100 0 0 0
100 0 0 0
100 0 0 0
100 0 0 0
100 0 0 0
100 0 0 0
100 0 0 0
100 0 0 0
100 0 0 0
100 0 0 0
100 0 0 0
100 0 0 0
99 0 1 0
100 0 0 0
100 0 0 0
100 0 0 0
99 0 0 1
100 0 0 0
100 0 0 0
100 0 0 0
100 0 0 0
100 0 0 0
100 0 0 0
100 0 0 0
100 0 0 0
100 0 0 0
100 0 0 0
100 0 0 0
100 0 0 0
100 0 0 0
100 0 0 0
100 0 0 0
100 0 0 0
100 0 0 0
98 0 1 1
100 0 0 0
100 0 0 0
100 0 0 0
100 0 0 0
100 0 0 0
100 0 0 0
100 0 0 0
100 0 0 0
100 0 0 0
100 0 0 0
100 0 0 0
100 0 0 0
100 0 0 0
99 0 0 1
100 0 0 0
100 0 0 0
100 0 0 0
99 0 1 0
100 0 0 0
100 0 0 0
100 0 0 0
100 0 0 0
100 0 0 0
100 0 0 0
100 0 0 0
100 0 0 0
100 0 0 0
100 0 0 0
99 0 0 1
100 0 0 0
100 0 0 0
100 0 0 0
100 0 0 0
100 0 0 0
100 0 0 0
100 0 0 0
100 0 0 0
100 0 0 0
100 0 0 0
100 0 0 0
100 0 0 0
100 0 0 0
100 0 0 0
98 0 0 2
100 0 0 0
100 0 0 0
100 0 0 0
100 0 0 0
100 0 0 0
100 0 0 0
100 0 0 0
100 0 0 0
100 0 0 0
100 0 0 0
100 0 0 0
100 0 0 0
100 0 0 0
100 0 0 0
100 0 0 0
100 0 0 0
100 0 0 0
100 0 0 0
97 0 0 3
100 0 0 0
100 0 0 0
97 0 1 2
100 0 0 0
100 0 0 0
100 0 0 0
100 0 0 0
100 0 0 0
100 0 0 0
100 0 0 0
100 0 0 0
100 0 0 0
100 0 0 0
100 0 0 0
100 0 0 0
100 0 0 0
100 0 0 0
100 0 0 0
99 0 0 1
100 0 0 0
100 0 0 0
100 0 0 0
100 0 0 0
100 0 0 0
100 0 0 0
100 0 0 0
100 0 0 0
100 0 0 0
100 0 0 0
100 0 0 0
100 0 0 0
100 0 0 0
100 0 0 0
100 0 0 0
100 0 0 0
100 0 0 0
100 0 0 0
100 0 0 0
100 0 0 0
100 0 0 0
100 0 0 0
100 0 0 0
100 0 0 0
100 0 0 0
100 0 0 0
100 0 0 0
99 0 0 1
99 0 0 1
100 0 0 0
100 0 0 0
100 0 0 0
100 0 0 0
100 0 0 0
100 0 0 0
100 0 0 0
100 0 0 0
100 0 0 0
100 0 0 0
100 0 0 0
100 0 0 0
100 0 0 0
100 0 0 0
100 0 0 0
100 0 0 0
100 0 0 0
99 0 1 0
100 0 0 0
100 0 0 0
100 0 0 0
100 0 0 0
100 0 0 0
100 0 0 0
100 0 0 0
100 0 0 0
100 0 0 0
100 0 0 0
100 0 0 0
100 0 0 0
100 0 0 0
99 0 1 0
100 0 0 0
100 0 0 0
100 0 0 0
100 0 0 0
100 0 0 0
100 0 0 0
100 0 0 0
100 0 0 0
100 0 0 0
100 0 0 0
100 0 0 0
100 0 0 0
100 0 0 0
100 0 0 0
100 0 0 0
100 0 0 0
100 0 0 0
100 0 0 0
100 0 0 0
100 0 0 0
100 0 0 0
100 0 0 0
99 0 1 0
100 0 0 0
100 0 0 0
93 0 2 5
100 0 0 0
99 0 1 0
98 0 0 2
100 0 0 0
100 0 0 0
100 0 0 0
100 0 0 0
100 0 0 0
99 0 0 1
100 0 0 0
100 0 0 0
100 0 0 0
100 0 0 0
100 0 0 0
100 0 0 0
100 0 0 0
100 0 0 0
100 0 0 0
100 0 0 0
100 0 0 0
100 0 0 0
100 0 0 0
100 0 0 0
100 0 0 0
100 0 0 0
100 0 0 0
100 0 0 0
100 0 0 0
100 0 0 0
100 0 0 0
100 0 0 0
100 0 0 0
100 0 0 0
100 0 0 0
100 0 0 0
100 0 0 0
100 0 0 0
100 0 0 0
100 0 0 0
100 0 0 0
100 0 0 0
100 0 0 0
100 0 0 0
100 0 0 0
100 0 0 0
100 0 0 0
100 0 0 0
100 0 0 0
100 0 0 0
100 0 0 0
99 0 0 1
93 0 0 7
100 0 0 0
100 0 0 0
100 0 0 0
100 0 0 0
99 0 0 1
100 0 0 0
100 0 0 0
100 0 0 0
100 0 0 0
100 0 0 0
100 0 0 0
100 0 0 0
100 0 0 0
99 0 0 1
100 0 0 0
100 0 0 0
100 0 0 0
100 0 0 0
99 0 0 1
100 0 0 0
100 0 0 0
100 0 0 0
100 0 0 0
100 0 0 0
100 0 0 0
100 0 0 0
100 0 0 0
100 0 0 0
100 0 0 0
100 0 0 0
100 0 0 0
100 0 0 0
100 0 0 0
100 0 0 0
100 0 0 0
100 0 0 0
100 0 0 0
100 0 0 0
100 0 0 0
100 0 0 0
100 0 0 0
100 0 0 0
100 0 0 0
100 0 0 0
100 0 0 0
100 0 0 0
100 0 0 0
100 0 0 0
100 0 0 0
100 0 0 0
100 0 0 0
100 0 0 0
100 0 0 0
100 0 0 0
100 0 0 0
100 0 0 0
100 0 0 0
100 0 0 0
100 0 0 0
100 0 0 0
100 0 0 0
100 0 0 0
100 0 0 0
100 0 0 0
100 0 0 0
100 0 0 0
100 0 0 0
100 0 0 0
100 0 0 0
100 0 0 0
100 0 0 0
100 0 0 0
100 0 0 0
100 0 0 0
100 0 0 0
100 0 0 0
99 0 0 1
98 0 1 1
100 0 0 0
100 0 0 0
100 0 0 0
100 0 0 0
100 0 0 0
100 0 0 0
100 0 0 0
100 0 0 0
100 0 0 0
100 0 0 0
100 0 0 0
100 0 0 0
100 0 0 0
100 0 0 0
100 0 0 0
100 0 0 0
100 0 0 0
100 0 0 0
100 0 0 0
100 0 0 0
100 0 0 0
100 0 0 0
100 0 0 0
100 0 0 0
100 0 0 0
100 0 0 0
100 0 0 0
100 0 0 0
100 0 0 0
100 0 0 0
100 0 0 0
100 0 0 0
100 0 0 0
100 0 0 0
100 0 0 0
100 0 0 0
100 0 0 0
100 0 0 0
100 0 0 0
100 0 0 0
100 0 0 0
100 0 0 0
100 0 0 0
100 0 0 0
100 0 0 0
97 0 0 3
100 0 0 0
100 0 0 0
100 0 0 0
100 0 0 0
100 0 0 0
100 0 0 0
100 0 0 0
100 0 0 0
100 0 0 0
99 0 1 0
100 0 0 0
100 0 0 0
100 0 0 0
100 0 0 0
100 0 0 0
100 0 0 0
100 0 0 0
100 0 0 0
100 0 0 0
100 0 0 0
100 0 0 0
100 0 0 0
100 0 0 0
100 0 0 0
100 0 0 0
100 0 0 0
100 0 0 0
99 0 1 0
100 0 0 0
100 0 0 0
100 0 0 0
100 0 0 0
100 0 0 0
100 0 0 0
100 0 0 0
100 0 0 0
100 0 0 0
100 0 0 0
100 0 0 0
100 0 0 0
100 0 0 0
100 0 0 0
100 0 0 0
100 0 0 0
100 0 0 0
100 0 0 0
100 0 0 0
100 0 0 0
100 0 0 0
100 0 0 0
100 0 0 0
100 0 0 0
100 0 0 0
100 0 0 0
87 0 0 13
100 0 0 0
100 0 0 0
100 0 0 0
100 0 0 0
100 0 0 0
100 0 0 0
100 0 0 0
100 0 0 0
100 0 0 0
100 0 0 0
100 0 0 0
100 0 0 0
100 0 0 0
99 0 0 1
100 0 0 0
100 0 0 0
100 0 0 0
100 0 0 0
100 0 0 0
100 0 0 0
100 0 0 0
100 0 0 0
100 0 0 0
100 0 0 0
100 0 0 0
99 0 0 1
100 0 0 0
100 0 0 0
100 0 0 0
100 0 0 0
100 0 0 0
100 0 0 0
100 0 0 0
100 0 0 0
100 0 0 0
100 0 0 0
95 0 0 5
100 0 0 0
100 0 0 0
100 0 0 0
100 0 0 0
100 0 0 0
100 0 0 0
100 0 0 0
100 0 0 0
100 0 0 0
100 0 0 0
100 0 0 0
100 0 0 0
100 0 0 0
100 0 0 0
100 0 0 0
100 0 0 0
100 0 0 0
100 0 0 0
99 0 1 0
100 0 0 0
100 0 0 0
100 0 0 0
100 0 0 0
100 0 0 0
100 0 0 0
100 0 0 0
100 0 0 0
100 0 0 0
100 0 0 0
100 0 0 0
100 0 0 0
100 0 0 0
100 0 0 0
100 0 0 0
100 0 0 0
100 0 0 0
100 0 0 0
100 0 0 0
100 0 0 0
100 0 0 0
100 0 0 0
100 0 0 0
100 0 0 0
100 0 0 0
100 0 0 0
100 0 0 0
100 0 0 0
100 0 0 0
100 0 0 0
100 0 0 0
97 0 0 3
100 0 0 0
100 0 0 0
99 0 0 1
100 0 0 0
100 0 0 0
98 0 0 2
100 0 0 0
100 0 0 0
100 0 0 0
100 0 0 0
100 0 0 0
100 0 0 0
99 0 0 1
100 0 0 0
100 0 0 0
100 0 0 0
100 0 0 0
100 0 0 0
100 0 0 0
100 0 0 0
100 0 0 0
100 0 0 0
100 0 0 0
100 0 0 0
100 0 0 0
100 0 0 0
100 0 0 0
100 0 0 0
100 0 0 0
100 0 0 0
100 0 0 0
100 0 0 0
100 0 0 0
100 0 0 0
100 0 0 0
100 0 0 0
100 0 0 0
100 0 0 0
100 0 0 0
100 0 0 0
100 0 0 0
100 0 0 0
100 0 0 0
98 0 0 2
44 0 1 55
100 0 0 0
99 0 1 0
100 0 0 0
100 0 0 0
100 0 0 0
99 0 0 1
100 0 0 0
100 0 0 0
100 0 0 0
100 0 0 0
100 0 0 0
99 0 0 1
100 0 0 0
100 0 0 0
100 0 0 0
100 0 0 0
100 0 0 0
100 0 0 0
100 0 0 0
100 0 0 0
100 0 0 0
100 0 0 0
100 0 0 0
100 0 0 0
100 0 0 0
100 0 0 0
100 0 0 0
100 0 0 0
100 0 0 0
100 0 0 0
100 0 0 0
100 0 0 0
99 0 0 1
100 0 0 0
100 0 0 0
100 0 0 0
100 0 0 0
100 0 0 0
99 0 1 0
100 0 0 0
100 0 0 0
100 0 0 0
100 0 0 0
100 0 0 0
100 0 0 0
100 0 0 0
100 0 0 0
100 0 0 0
100 0 0 0
100 0 0 0
100 0 0 0
100 0 0 0
100 0 0 0
100 0 0 0
100 0 0 0
100 0 0 0
100 0 0 0
100 0 0 0
99 0 0 1
100 0 0 0
100 0 0 0
100 0 0 0
100 0 0 0
100 0 0 0
100 0 0 0
100 0 0 0
100 0 0 0
100 0 0 0
100 0 0 0
100 0 0 0
100 0 0 0
100 0 0 0
100 0 0 0
100 0 0 0
100 0 0 0
100 0 0 0
100 0 0 0
100 0 0 0
99 0 0 1
100 0 0 0
100 0 0 0
100 0 0 0
100 0 0 0
100 0 0 0
100 0 0 0
100 0 0 0
100 0 0 0
100 0 0 0
100 0 0 0
100 0 0 0
100 0 0 0
100 0 0 0
100 0 0 0
100 0 0 0
99 0 0 1
100 0 0 0
100 0 0 0
100 0 0 0
100 0 0 0
100 0 0 0
99 0 0 1
100 0 0 0
100 0 0 0
99 0 0 1
100 0 0 0
100 0 0 0
100 0 0 0
99 0 0 1
100 0 0 0
100 0 0 0
100 0 0 0
100 0 0 0
100 0 0 0
100 0 0 0
100 0 0 0
100 0 0 0
100 0 0 0
100 0 0 0
99 0 0 1
100 0 0 0
100 0 0 0
100 0 0 0
100 0 0 0
100 0 0 0
100 0 0 0
100 0 0 0
99 0 0 1
100 0 0 0
100 0 0 0
100 0 0 0
100 0 0 0
99 0 1 0
100 0 0 0
100 0 0 0
100 0 0 0
100 0 0 0
100 0 0 0
100 0 0 0
100 0 0 0
100 0 0 0
100 0 0 0
100 0 0 0
100 0 0 0
100 0 0 0
100 0 0 0
100 0 0 0
100 0 0 0
100 0 0 0
100 0 0 0
100 0 0 0
100 0 0 0
100 0 0 0
100 0 0 0
100 0 0 0
100 0 0 0
100 0 0 0
100 0 0 0
100 0 0 0
100 0 0 0
100 0 0 0
100 0 0 0
100 0 0 0
100 0 0 0
100 0 0 0
100 0 0 0
100 0 0 0
100 0 0 0
99 0 1 0
100 0 0 0
100 0 0 0
100 0 0 0
100 0 0 0
100 0 0 0
100 0 0 0
100 0 0 0
100 0 0 0
100 0 0 0
100 0 0 0
100 0 0 0
96 0 0 4
100 0 0 0
100 0 0 0
100 0 0 0
99 0 0 1
100 0 0 0
100 0 0 0
100 0 0 0
100 0 0 0
100 0 0 0
100 0 0 0
99 0 0 1
99 0 0 1
100 0 0 0
100 0 0 0
100 0 0 0
100 0 0 0
100 0 0 0
100 0 0 0
100 0 0 0
100 0 0 0
100 0 0 0
100 0 0 0
100 0 0 0
100 0 0 0
100 0 0 0
100 0 0 0
74 0 0 26
100 0 0 0
100 0 0 0
100 0 0 0
100 0 0 0
100 0 0 0
100 0 0 0
100 0 0 0
100 0 0 0
100 0 0 0
100 0 0 0
100 0 0 0
100 0 0 0
100 0 0 0
100 0 0 0
100 0 0 0
100 0 0 0
100 0 0 0
100 0 0 0
99 0 1 0
100 0 0 0
100 0 0 0
100 0 0 0
100 0 0 0
100 0 0 0
100 0 0 0
100 0 0 0
100 0 0 0
100 0 0 0
100 0 0 0
100 0 0 0
100 0 0 0
100 0 0 0
100 0 0 0
100 0 0 0
99 0 0 1
100 0 0 0
100 0 0 0
100 0 0 0
100 0 0 0
99 0 0 1
100 0 0 0
100 0 0 0
100 0 0 0
100 0 0 0
100 0 0 0
100 0 0 0
100 0 0 0
100 0 0 0
100 0 0 0
100 0 0 0
100 0 0 0
100 0 0 0
100 0 0 0
100 0 0 0
100 0 0 0
100 0 0 0
100 0 0 0
100 0 0 0
100 0 0 0
100 0 0 0
100 0 0 0
100 0 0 0
100 0 0 0
100 0 0 0
100 0 0 0
100 0 0 0
100 0 0 0
100 0 0 0
100 0 0 0
100 0 0 0
100 0 0 0
100 0 0 0
100 0 0 0
100 0 0 0
98 0 0 2
100 0 0 0
100 0 0 0
99 0 1 0
100 0 0 0
100 0 0 0
100 0 0 0
100 0 0 0
100 0 0 0
100 0 0 0
100 0 0 0
100 0 0 0
100 0 0 0
100 0 0 0
100 0 0 0
99 0 1 0
100 0 0 0
100 0 0 0
100 0 0 0
100 0 0 0
100 0 0 0
100 0 0 0
100 0 0 0
100 0 0 0
99 0 0 1
100 0 0 0
100 0 0 0
100 0 0 0
100 0 0 0
100 0 0 0
100 0 0 0
100 0 0 0
100 0 0 0
100 0 0 0
100 0 0 0
100 0 0 0
100 0 0 0
100 0 0 0
100 0 0 0
100 0 0 0
100 0 0 0
100 0 0 0
100 0 0 0
100 0 0 0
100 0 0 0
99 0 1 0
100 0 0 0
100 0 0 0
100 0 0 0
100 0 0 0
100 0 0 0
100 0 0 0
100 0 0 0
100 0 0 0
100 0 0 0
100 0 0 0
100 0 0 0
100 0 0 0
100 0 0 0
100 0 0 0
100 0 0 0
100 0 0 0
100 0 0 0
100 0 0 0
100 0 0 0
100 0 0 0
100 0 0 0
100 0 0 0
100 0 0 0
100 0 0 0
100 0 0 0
100 0 0 0
100 0 0 0
100 0 0 0
100 0 0 0
100 0 0 0
100 0 0 0
100 0 0 0
100 0 0 0
100 0 0 0
100 0 0 0
100 0 0 0
99 0 0 1
100 0 0 0
100 0 0 0
100 0 0 0
100 0 0 0
100 0 0 0
100 0 0 0
100 0 0 0
100 0 0 0
100 0 0 0
100 0 0 0
100 0 0 0
100 0 0 0
100 0 0 0
100 0 0 0
100 0 0 0
100 0 0 0
99 0 0 1
100 0 0 0
100 0 0 0
100 0 0 0
100 0 0 0
100 0 0 0
100 0 0 0
100 0 0 0
100 0 0 0
100 0 0 0
100 0 0 0
100 0 0 0
100 0 0 0
100 0 0 0
100 0 0 0
100 0 0 0
100 0 0 0
100 0 0 0
100 0 0 0
100 0 0 0
99 0 1 0
100 0 0 0
100 0 0 0
100 0 0 0
100 0 0 0
100 0 0 0
100 0 0 0
100 0 0 0
100 0 0 0
100 0 0 0
100 0 0 0
100 0 0 0
100 0 0 0
100 0 0 0
100 0 0 0
100 0 0 0
100 0 0 0
100 0 0 0
100 0 0 0
100 0 0 0
100 0 0 0
90 0 1 9
100 0 0 0
100 0 0 0
100 0 0 0
100 0 0 0
100 0 0 0
100 0 0 0
100 0 0 0
100 0 0 0
100 0 0 0
100 0 0 0
100 0 0 0
100 0 0 0
100 0 0 0
100 0 0 0
100 0 0 0
100 0 0 0
100 0 0 0
100 0 0 0
100 0 0 0
100 0 0 0
100 0 0 0
100 0 0 0
100 0 0 0
100 0 0 0
100 0 0 0
100 0 0 0
100 0 0 0
100 0 0 0
100 0 0 0
100 0 0 0
100 0 0 0
100 0 0 0
100 0 0 0
100 0 0 0
100 0 0 0
100 0 0 0
100 0 0 0
100 0 0 0
100 0 0 0
100 0 0 0
99 0 0 1
100 0 0 0
100 0 0 0
100 0 0 0
100 0 0 0
100 0 0 0
100 0 0 0
100 0 0 0
100 0 0 0
100 0 0 0
100 0 0 0
93 0 0 7
100 0 0 0
100 0 0 0
100 0 0 0
100 0 0 0
98 0 0 2
100 0 0 0
100 0 0 0
100 0 0 0
100 0 0 0
100 0 0 0
100 0 0 0
100 0 0 0
100 0 0 0
100 0 0 0
100 0 0 0
100 0 0 0
100 0 0 0
100 0 0 0
100 0 0 0
100 0 0 0
100 0 0 0
90 0 0 10
99 0 0 1
100 0 0 0
100 0 0 0
100 0 0 0
100 0 0 0
100 0 0 0
100 0 0 0
100 0 0 0
100 0 0 0
100 0 0 0
100 0 0 0
100 0 0 0
100 0 0 0
100 0 0 0
98 0 0 2
100 0 0 0
100 0 0 0
100 0 0 0
100 0 0 0
100 0 0 0
99 0 0 1
100 0 0 0
100 0 0 0
100 0 0 0
100 0 0 0
100 0 0 0
100 0 0 0
100 0 0 0
98 0 0 2
99 0 0 1
100 0 0 0
100 0 0 0
100 0 0 0
98 0 1 1
100 0 0 0
100 0 0 0
100 0 0 0
100 0 0 0
100 0 0 0
100 0 0 0
99 0 0 1
100 0 0 0
100 0 0 0
100 0 0 0
100 0 0 0
100 0 0 0
100 0 0 0
100 0 0 0
100 0 0 0
100 0 0 0
100 0 0 0
100 0 0 0
100 0 0 0
100 0 0 0
100 0 0 0
100 0 0 0
100 0 0 0
99 0 1 0
100 0 0 0
100 0 0 0
100 0 0 0
100 0 0 0
100 0 0 0
100 0 0 0
100 0 0 0
100 0 0 0
100 0 0 0
100 0 0 0
100 0 0 0
100 0 0 0
100 0 0 0
100 0 0 0
100 0 0 0
100 0 0 0
100 0 0 0
100 0 0 0
100 0 0 0
100 0 0 0
91 0 1 8
100 0 0 0
100 0 0 0
100 0 0 0
100 0 0 0
100 0 0 0
100 0 0 0
100 0 0 0
100 0 0 0
100 0 0 0
100 0 0 0
100 0 0 0
100 0 0 0
100 0 0 0
100 0 0 0
100 0 0 0
100 0 0 0
100 0 0 0
100 0 0 0
100 0 0 0
99 0 1 0
100 0 0 0
100 0 0 0
100 0 0 0
100 0 0 0
100 0 0 0
100 0 0 0
99 0 0 1
100 0 0 0
100 0 0 0
100 0 0 0
100 0 0 0
100 0 0 0
100 0 0 0
100 0 0 0
100 0 0 0
100 0 0 0
100 0 0 0
100 0 0 0
100 0 0 0
100 0 0 0
99 0 1 0
100 0 0 0
100 0 0 0
100 0 0 0
100 0 0 0
100 0 0 0
100 0 0 0
100 0 0 0
100 0 0 0
100 0 0 0
100 0 0 0
100 0 0 0
100 0 0 0
100 0 0 0
100 0 0 0
100 0 0 0
100 0 0 0
100 0 0 0
100 0 0 0
100 0 0 0
100 0 0 0
100 0 0 0
100 0 0 0
99 0 0 1
100 0 0 0
100 0 0 0
100 0 0 0
100 0 0 0
100 0 0 0
100 0 0 0
100 0 0 0
100 0 0 0
100 0 0 0
100 0 0 0
100 0 0 0
100 0 0 0
100 0 0 0
100 0 0 0
100 0 0 0
100 0 0 0
100 0 0 0
100 0 0 0
100 0 0 0
100 0 0 0
100 0 0 0
100 0 0 0
99 0 0 1
100 0 0 0
100 0 0 0
100 0 0 0
100 0 0 0
100 0 0 0
100 0 0 0
98 0 1 1
100 0 0 0
100 0 0 0
100 0 0 0
100 0 0 0
100 0 0 0
100 0 0 0
100 0 0 0
100 0 0 0
100 0 0 0
100 0 0 0
100 0 0 0
100 0 0 0
100 0 0 0
100 0 0 0
100 0 0 0
100 0 0 0
100 0 0 0
100 0 0 0
100 0 0 0
100 0 0 0
100 0 0 0
100 0 0 0
100 0 0 0
99 0 0 1
100 0 0 0
100 0 0 0
100 0 0 0
100 0 0 0
100 0 0 0
100 0 0 0
100 0 0 0
100 0 0 0
100 0 0 0
100 0 0 0
100 0 0 0
100 0 0 0
100 0 0 0
100 0 0 0
100 0 0 0
100 0 0 0
99 0 0 1
100 0 0 0
100 0 0 0
100 0 0 0
100 0 0 0
99 0 1 0
100 0 0 0
100 0 0 0
100 0 0 0
100 0 0 0
100 0 0 0
100 0 0 0
100 0 0 0
100 0 0 0
100 0 0 0
100 0 0 0
100 0 0 0
100 0 0 0
100 0 0 0
100 0 0 0
100 0 0 0
99 0 0 1
100 0 0 0
100 0 0 0
100 0 0 0
100 0 0 0
100 0 0 0
100 0 0 0
100 0 0 0
100 0 0 0
100 0 0 0
100 0 0 0
100 0 0 0
100 0 0 0
100 0 0 0
99 0 1 0
100 0 0 0
100 0 0 0
100 0 0 0
100 0 0 0
100 0 0 0
100 0 0 0
100 0 0 0
99 0 1 0
100 0 0 0
100 0 0 0
100 0 0 0
99 0 1 0
100 0 0 0
100 0 0 0
100 0 0 0
100 0 0 0
100 0 0 0
100 0 0 0
100 0 0 0
100 0 0 0
100 0 0 0
100 0 0 0
100 0 0 0
100 0 0 0
100 0 0 0
100 0 0 0
100 0 0 0
100 0 0 0
100 0 0 0
100 0 0 0
100 0 0 0
100 0 0 0
100 0 0 0
100 0 0 0
100 0 0 0
100 0 0 0
100 0 0 0
100 0 0 0
100 0 0 0
100 0 0 0
100 0 0 0
100 0 0 0
100 0 0 0
100 0 0 0
100 0 0 0
100 0 0 0
100 0 0 0
100 0 0 0
100 0 0 0
100 0 0 0
100 0 0 0
100 0 0 0
100 0 0 0
100 0 0 0
100 0 0 0
100 0 0 0
100 0 0 0
100 0 0 0
99 0 1 0
100 0 0 0
100 0 0 0
100 0 0 0
100 0 0 0
100 0 0 0
100 0 0 0
100 0 0 0
100 0 0 0
100 0 0 0
100 0 0 0
100 0 0 0
100 0 0 0
100 0 0 0
100 0 0 0
100 0 0 0
100 0 0 0
100 0 0 0
100 0 0 0
100 0 0 0
100 0 0 0
100 0 0 0
100 0 0 0
100 0 0 0
100 0 0 0
100 0 0 0
100 0 0 0
100 0 0 0
100 0 0 0
100 0 0 0
100 0 0 0
100 0 0 0
100 0 0 0
100 0 0 0
100 0 0 0
100 0 0 0
100 0 0 0
100 0 0 0
100 0 0 0
100 0 0 0
100 0 0 0
100 0 0 0
100 0 0 0
100 0 0 0
100 0 0 0
100 0 0 0
100 0 0 0
100 0 0 0
100 0 0 0
100 0 0 0
100 0 0 0
100 0 0 0
100 0 0 0
100 0 0 0
100 0 0 0
100 0 0 0
100 0 0 0
100 0 0 0
100 0 0 0
100 0 0 0
100 0 0 0
100 0 0 0
100 0 0 0
100 0 0 0
100 0 0 0
100 0 0 0
100 0 0 0
100 0 0 0
100 0 0 0
25 0 0 75
0 0 0 100
0 0 0 100
0 0 0 100
0 0 0 100
0 0 0 100
0 0 0 100
0 0 0 100
0 0 0 100
0 0 1 99
0 0 0 100
0 0 0 100
0 0 0 100
0 0 0 100
0 0 0 100
0 0 0 100
0 0 0 100
0 0 0 100
0 0 0 100
0 0 0 100
0 0 0 100
0 0 0 100
0 0 0 100
0 0 0 100
0 0 0 100
0 0 0 100
0 0 0 100
0 0 0 100
0 0 0 100
0 0 0 100
0 0 0 100
0 0 0 100
0 0 0 100
0 0 0 100
0 0 0 100
0 0 0 100
0 0 0 100
0 0 0 100
0 0 0 100
0 0 0 100
0 0 0 100
0 0 0 100
0 0 0 100
0 0 0 100
0 0 1 99
0 0 0 100
0 0 0 100
0 0 0 100
0 0 0 100
0 0 0 100
0 0 0 100
0 0 0 100
0 0 0 100
0 0 0 100
0 0 0 100
0 0 0 100
0 0 0 100
0 0 0 100
0 0 0 100
0 0 0 100
0 0 0 100
0 0 0 100
0 0 0 100
0 0 1 99
0 0 0 100
0 0 0 100
0 0 0 100
0 0 0 100
0 0 0 100
0 0 0 100
0 0 0 100
0 0 0 100
6 0 0 94
0 0 0 100
0 0 0 100
0 0 0 100
0 0 0 100
0 0 0 100
0 0 0 100
0 0 0 100
0 0 0 100
0 0 0 100
0 0 0 100
0 0 0 100
0 0 0 100
0 0 0 100
0 0 0 100
0 0 0 100
0 0 0 100
0 0 0 100
0 0 0 100
0 0 0 100
0 0 0 100
0 0 0 100
0 0 0 100
0 0 0 100
0 0 0 100
0 0 0 100
0 0 0 100
0 0 0 100
0 0 0 100
0 0 0 100
0 0 0 100
0 0 1 99
0 0 0 100
0 0 0 100
1 0 0 99
0 0 0 100
0 0 0 100
0 0 0 100
0 0 0 100
0 0 0 100
0 0 0 100
0 0 0 100
0 0 0 100
0 0 0 100
0 0 0 100
0 0 0 100
0 0 0 100
0 0 0 100
0 0 0 100
0 0 0 100
0 0 0 100
6 0 1 93
0 0 10 90
0 0 0 100
0 0 0 100
0 0 0 100
0 0 0 100
0 0 0 100
0 0 0 100
0 0 0 100
0 0 53 47
0 0 100 0
0 0 100 0
0 0 100 0
0 0 100 0
0 0 100 0
0 0 100 0
0 0 100 0
0 0 100 0
0 0 100 0
0 0 100 0
0 0 100 0
0 0 100 0
0 0 100 0
0 0 100 0
0 0 100 0
0 0 100 0
0 0 100 0
0 0 100 0
0 0 99 1
0 0 100 0
0 0 31 69
0 0 0 100
0 0 0 100
0 0 0 100
0 0 0 100
6 0 13 81
0 0 0 100
0 0 0 100
0 0 0 100
0 0 0 100
0 0 0 100
0 0 95 5
0 0 100 0
0 0 100 0
0 0 100 0
1 0 98 1
0 0 100 0
0 0 100 0
0 0 100 0
0 0 100 0
0 0 99 1
0 0 100 0
0 0 100 0
0 0 100 0
0 0 100 0
0 0 100 0
0 0 100 0
0 0 100 0
0 0 100 0
0 0 100 0
0 0 100 0
0 0 100 0
0 0 100 0
0 0 100 0
0 0 100 0
0 0 100 0
0 0 100 0
0 0 100 0
0 0 100 0
0 0 100 0
0 0 100 0
0 0 100 0
0 0 100 0
0 0 100 0
0 0 100 0
0 0 100 0
0 0 100 0
0 0 98 2
0 0 100 0
0 0 100 0
2 0 91 7
4 0 0 96
8 0 0 92
8 0 0 92
0 0 0 100
0 0 0 100
69 0 0 31
100 0 0 0
99 0 0 1
100 0 0 0
100 0 0 0
100 0 0 0
100 0 0 0
100 0 0 0
100 0 0 0
100 0 0 0
100 0 0 0
31 0 26 43
0 0 100 0
0 0 100 0
0 0 100 0
0 0 100 0
0 0 100 0
0 0 100 0
0 0 100 0
0 0 100 0
66 0 17 17
100 0 0 0
100 0 0 0
100 0 0 0
100 0 0 0
100 0 0 0
100 0 0 0
100 0 0 0
100 0 0 0
100 0 0 0
100 0 0 0
100 0 0 0
100 0 0 0
100 0 0 0
100 0 0 0
100 0 0 0
100 0 0 0
100 0 0 0
100 0 0 0
100 0 0 0
100 0 0 0
100 0 0 0
99 0 0 1
100 0 0 0
100 0 0 0
90 0 0 10
99 0 1 0
100 0 0 0
100 0 0 0
100 0 0 0
100 0 0 0
100 0 0 0
100 0 0 0
100 0 0 0
100 0 0 0
100 0 0 0
100 0 0 0
100 0 0 0
100 0 0 0
100 0 0 0
100 0 0 0
99 0 0 1
99 0 1 0
100 0 0 0
100 0 0 0
100 0 0 0
100 0 0 0
100 0 0 0
100 0 0 0
100 0 0 0
100 0 0 0
100 0 0 0
100 0 0 0
47 0 0 53
0 0 0 100
0 0 0 100
0 0 0 100
0 0 0 100
0 0 0 100
0 0 0 100
0 0 0 100
0 0 0 100
0 0 1 99
0 0 0 100
0 0 0 100
0 0 0 100
0 0 0 100
0 0 0 100
0 0 0 100
0 0 0 100
0 0 0 100
2 0 1 97
65 0 0 35
100 0 0 0
100 0 0 0
100 0 0 0
100 0 0 0
100 0 0 0
100 0 0 0
100 0 0 0
100 0 0 0
100 0 0 0
100 0 0 0
100 0 0 0
100 0 0 0
100 0 0 0
100 0 0 0
100 0 0 0
100 0 0 0
100 0 0 0
100 0 0 0
100 0 0 0
100 0 0 0
100 0 0 0
100 0 0 0
100 0 0 0
100 0 0 0
100 0 0 0
100 0 0 0
100 0 0 0
100 0 0 0
99 0 0 1
100 0 0 0
100 0 0 0
100 0 0 0
100 0 0 0
100 0 0 0
100 0 0 0
100 0 0 0
100 0 0 0
100 0 0 0
99 0 0 1
100 0 0 0
100 0 0 0
100 0 0 0
100 0 0 0
100 0 0 0
100 0 0 0
99 0 0 1
100 0 0 0
100 0 0 0
100 0 0 0
98 0 0 2
100 0 0 0
100 0 0 0
100 0 0 0
100 0 0 0
100 0 0 0
100 0 0 0
100 0 0 0
100 0 0 0
100 0 0 0
100 0 0 0
100 0 0 0
100 0 0 0
100 0 0 0
100 0 0 0
100 0 0 0
100 0 0 0
100 0 0 0
100 0 0 0
100 0 0 0
98 0 0 2
100 0 0 0
100 0 0 0
100 0 0 0
100 0 0 0
100 0 0 0
100 0 0 0
100 0 0 0
100 0 0 0
98 0 0 2
100 0 0 0
100 0 0 0
100 0 0 0
100 0 0 0
100 0 0 0
100 0 0 0
100 0 0 0
100 0 0 0
100 0 0 0
96 0 1 3
100 0 0 0
100 0 0 0
100 0 0 0
100 0 0 0
100 0 0 0
100 0 0 0
100 0 0 0
100 0 0 0
100 0 0 0
7 0 1 92
0 0 0 100
0 0 62 38
0 0 100 0
0 0 100 0
0 0 100 0
0 0 100 0
59 0 39 2
100 0 0 0
100 0 0 0
100 0 0 0
100 0 0 0
100 0 0 0
100 0 0 0
100 0 0 0
100 0 0 0
100 0 0 0
100 0 0 0
100 0 0 0
100 0 0 0
100 0 0 0
100 0 0 0
100 0 0 0
100 0 0 0
100 0 0 0
100 0 0 0
100 0 0 0
100 0 0 0
100 0 0 0
100 0 0 0
78 0 0 22
100 0 0 0
100 0 0 0
16 0 0 84
0 0 0 100
0 0 0 100
0 0 0 100
1 0 0 99
0 0 0 100
0 0 0 100
0 0 0 100
0 0 0 100
0 0 0 100
0 0 0 100
0 0 0 100
0 0 0 100
6 0 1 93
0 0 0 100
7 0 0 93
12 0 80 8
0 0 100 0
0 0 100 0
0 0 100 0
2 0 96 2
0 0 100 0
0 0 100 0
3 0 61 36
0 0 100 0
0 0 100 0
0 0 100 0
0 0 100 0
0 0 100 0
0 0 100 0
0 0 100 0
0 0 100 0
0 0 100 0
0 0 100 0
0 0 100 0
0 0 100 0
0 0 100 0
0 0 100 0
0 0 100 0
0 0 100 0
0 0 100 0
0 0 100 0
0 0 100 0
0 0 78 22
0 0 0 100
0 0 0 100
0 0 0 100
0 0 0 100
0 0 0 100
6 0 0 94
0 0 0 100
0 0 0 100
0 0 0 100
0 0 0 100
0 0 0 100
0 0 0 100
0 0 0 100
0 0 0 100
0 0 0 100
7 0 3 90
1 0 0 99
0 0 0 100
0 0 0 100
0 0 0 100
0 0 0 100
0 0 0 100
0 0 0 100
0 0 0 100
0 0 0 100
0 0 0 100
0 0 0 100
0 0 0 100
0 0 0 100
0 0 0 100
0 0 0 100
0 0 0 100
0 0 0 100
0 0 0 100
0 0 0 100
1 0 0 99
0 0 0 100
0 0 0 100
0 0 0 100
0 0 0 100
30 0 20 50
0 0 9 91
0 0 0 100
0 0 0 100
0 0 0 100
0 0 0 100
0 0 99 1
0 0 100 0
0 0 100 0
0 0 100 0
0 0 100 0
0 0 100 0
0 0 98 2
0 0 100 0
0 0 100 0
0 0 100 0
0 0 100 0
0 0 100 0
0 0 100 0
0 0 100 0
0 0 61 39
0 0 0 100
0 0 0 100
0 0 0 100
0 0 0 100
0 0 0 100
0 0 0 100
0 0 0 100
0 0 0 100
0 0 0 100
0 0 0 100
0 0 0 100
0 0 0 100
0 0 0 100
0 0 0 100
0 0 0 100
0 0 0 100
0 0 0 100
0 0 0 100
0 0 0 100
0 0 0 100
0 0 0 100
0 0 0 100
0 0 0 100
0 0 0 100
0 0 0 100
0 0 0 100
0 0 0 100
0 0 0 100
0 0 0 100
0 0 0 100
0 0 0 100
0 0 0 100
0 0 0 100
0 0 0 100
0 0 0 100
0 0 0 100
0 0 0 100
0 0 0 100
0 0 0 100
0 0 0 100
0 0 0 100
0 0 0 100
0 0 0 100
0 0 0 100
0 0 0 100
0 0 0 100
0 0 0 100
0 0 0 100
0 0 0 100
0 0 0 100
0 0 0 100
0 0 0 100
0 0 0 100
0 0 0 100
0 0 0 100
0 0 0 100
57 0 4 39
100 0 0 0
100 0 0 0
100 0 0 0
100 0 0 0
100 0 0 0
100 0 0 0
100 0 0 0
100 0 0 0
99 0 0 1
100 0 0 0
100 0 0 0
100 0 0 0
100 0 0 0
100 0 0 0
100 0 0 0
100 0 0 0
100 0 0 0
100 0 0 0
100 0 0 0
100 0 0 0
100 0 0 0
100 0 0 0
100 0 0 0
100 0 0 0
100 0 0 0
100 0 0 0
100 0 0 0
100 0 0 0
100 0 0 0
100 0 0 0
100 0 0 0
100 0 0 0
100 0 0 0
100 0 0 0
100 0 0 0
100 0 0 0
100 0 0 0
100 0 0 0
100 0 0 0
100 0 0 0
100 0 0 0
100 0 0 0
100 0 0 0
100 0 0 0
100 0 0 0
100 0 0 0
100 0 0 0
100 0 0 0
100 0 0 0
53 0 0 47
0 0 0 100
0 0 0 100
0 0 0 100
0 0 0 100
0 0 0 100
0 0 0 100
0 0 0 100
0 0 0 100
0 0 0 100
0 0 0 100
0 0 0 100
0 0 0 100
0 0 0 100
0 0 0 100
0 0 0 100
3 0 3 94
0 0 0 100
0 0 0 100
0 0 0 100
0 0 0 100
0 0 0 100
0 0 0 100
2 0 1 97
0 0 0 100
0 0 0 100
0 0 0 100
0 0 0 100
1 0 0 99
0 0 0 100
26 0 5 69
100 0 0 0
100 0 0 0
100 0 0 0
100 0 0 0
100 0 0 0
100 0 0 0
100 0 0 0
100 0 0 0
100 0 0 0
100 0 0 0
100 0 0 0
100 0 0 0
100 0 0 0
100 0 0 0
100 0 0 0
100 0 0 0
100 0 0 0
100 0 0 0
100 0 0 0
100 0 0 0
100 0 0 0
100 0 0 0
100 0 0 0
100 0 0 0
100 0 0 0
100 0 0 0
100 0 0 0
100 0 0 0
100 0 0 0
100 0 0 0
100 0 0 0
100 0 0 0
100 0 0 0
100 0 0 0
62 0 2 36
0 0 0 100
0 0 0 100
0 0 0 100
0 0 0 100
0 0 0 100
0 0 0 100
0 0 0 100
0 0 0 100
0 0 0 100
0 0 0 100
0 0 0 100
0 0 0 100
0 0 0 100
0 0 0 100
0 0 0 100
0 0 0 100
0 0 0 100
0 0 0 100
0 0 0 100
0 0 0 100
0 0 0 100
0 0 0 100
0 0 1 99
0 0 0 100
0 0 0 100
0 0 0 100
0 0 0 100
0 0 0 100
0 0 0 100
0 0 0 100
0 0 0 100
0 0 0 100
0 0 0 100
0 0 1 99
0 0 0 100
0 0 1 99
0 0 0 100
0 0 0 100
0 0 0 100
0 0 0 100
0 0 0 100
0 0 0 100
0 0 0 100
0 0 0 100
0 0 0 100
0 0 0 100
0 0 0 100
0 0 0 100
0 0 0 100
0 0 0 100
0 0 0 100
0 0 0 100
0 0 0 100
0 0 0 100
0 0 0 100
0 0 0 100
0 0 0 100
0 0 0 100
0 0 0 100
0 0 0 100
0 0 0 100
0 0 0 100
0 0 0 100
0 0 0 100
0 0 0 100
0 0 0 100
0 0 0 100
0 0 0 100
0 0 0 100
0 0 0 100
0 0 0 100
0 0 0 100
0 0 0 100
0 0 0 100
0 0 0 100
0 0 0 100
0 0 0 100
0 0 0 100
0 0 0 100
0 0 0 100
0 0 1 99
4 0 89 7
0 0 100 0
0 0 100 0
0 0 100 0
12 0 35 53
15 0 0 85
69 0 0 31
100 0 0 0
100 0 0 0
100 0 0 0
100 0 0 0
100 0 0 0
100 0 0 0
100 0 0 0
100 0 0 0
100 0 0 0
100 0 0 0
100 0 0 0
99 0 0 1
100 0 0 0
100 0 0 0
100 0 0 0
100 0 0 0
100 0 0 0
100 0 0 0
100 0 0 0
100 0 0 0
100 0 0 0
100 0 0 0
100 0 0 0
100 0 0 0
100 0 0 0
100 0 0 0
100 0 0 0
100 0 0 0
100 0 0 0
100 0 0 0
100 0 0 0
100 0 0 0
100 0 0 0
100 0 0 0
100 0 0 0
100 0 0 0
100 0 0 0
100 0 0 0
100 0 0 0
100 0 0 0
100 0 0 0
100 0 0 0
100 0 0 0
100 0 0 0
100 0 0 0
100 0 0 0
100 0 0 0
100 0 0 0
100 0 0 0
100 0 0 0
100 0 0 0
100 0 0 0
100 0 0 0
100 0 0 0
100 0 0 0
99 0 0 1
100 0 0 0
100 0 0 0
100 0 0 0
100 0 0 0
100 0 0 0
99 0 1 0
100 0 0 0
100 0 0 0
99 0 0 1
100 0 0 0
100 0 0 0
100 0 0 0
100 0 0 0
100 0 0 0
100 0 0 0
100 0 0 0
100 0 0 0
100 0 0 0
100 0 0 0
100 0 0 0
100 0 0 0
100 0 0 0
100 0 0 0
100 0 0 0
100 0 0 0
100 0 0 0
100 0 0 0
100 0 0 0
100 0 0 0
100 0 0 0
100 0 0 0
100 0 0 0
100 0 0 0
100 0 0 0
100 0 0 0
100 0 0 0
100 0 0 0
100 0 0 0
100 0 0 0
100 0 0 0
44 0 0 56
91 0 2 7
100 0 0 0
100 0 0 0
100 0 0 0
100 0 0 0
100 0 0 0
100 0 0 0
100 0 0 0
93 0 0 7
30 0 2 68
0 0 0 100
0 0 0 100
0 0 0 100
0 0 0 100
0 0 0 100
0 0 0 100
0 0 0 100
0 0 0 100
0 0 0 100
0 0 0 100
0 0 0 100
0 0 0 100
0 0 0 100
1 0 0 99
0 0 0 100
0 0 0 100
0 0 0 100
0 0 0 100
0 0 0 100
0 0 0 100
0 0 0 100
2 0 0 98
0 0 0 100
0 0 0 100
0 0 0 100
1 0 0 99
0 0 0 100
0 0 0 100
0 0 0 100
0 0 0 100
0 0 0 100
0 0 0 100
97 0 1 2
100 0 0 0
100 0 0 0
100 0 0 0
100 0 0 0
100 0 0 0
100 0 0 0
100 0 0 0
100 0 0 0
100 0 0 0
100 0 0 0
100 0 0 0
100 0 0 0
100 0 0 0
100 0 0 0
100 0 0 0
100 0 0 0
100 0 0 0
100 0 0 0
100 0 0 0
100 0 0 0
100 0 0 0
100 0 0 0
100 0 0 0
100 0 0 0
100 0 0 0
100 0 0 0
100 0 0 0
100 0 0 0
100 0 0 0
100 0 0 0
100 0 0 0
100 0 0 0
100 0 0 0
100 0 0 0
100 0 0 0
99 0 0 1
100 0 0 0
100 0 0 0
47 0 1 52
0 0 0 100
1 0 0 99
0 0 0 100
0 0 0 100
0 0 0 100
0 0 55 45
0 0 100 0
0 0 100 0
0 0 84 16
0 0 0 100
0 0 0 100
0 0 0 100
0 0 0 100
0 0 0 100
0 0 0 100
0 0 0 100
0 0 0 100
0 0 0 100
0 0 0 100
0 0 1 99
0 0 0 100
0 0 0 100
0 0 0 100
0 0 0 100
0 0 0 100
0 0 0 100
0 0 0 100
0 0 0 100
0 0 6 94
0 0 0 100
0 0 0 100
0 0 0 100
0 0 0 100
0 0 0 100
0 0 0 100
0 0 0 100
0 0 0 100
0 0 0 100
0 0 0 100
0 0 0 100
0 0 0 100
0 0 0 100
0 0 0 100
0 0 0 100
0 0 0 100
0 0 0 100
0 0 0 100
0 0 0 100
0 0 0 100
0 0 0 100
0 0 0 100
0 0 0 100
0 0 0 100
0 0 0 100
0 0 0 100
0 0 0 100
0 0 0 100
0 0 0 100
0 0 0 100
0 0 0 100
0 0 0 100
0 0 0 100
0 0 0 100
0 0 0 100
0 0 0 100
0 0 0 100
0 0 8 92
0 0 6 94
0 0 0 100
0 0 2 98
0 0 0 100
0 0 0 100
0 0 0 100
0 0 0 100
0 0 0 100
0 0 2 98
0 0 0 100
0 0 0 100
0 0 0 100
0 0 0 100
0 0 0 100
0 0 0 100
0 0 0 100
0 0 2 98
0 0 0 100
0 0 0 100
0 0 0 100
0 0 0 100
0 0 0 100
0 0 0 100
0 0 0 100
0 0 0 100
0 0 0 100
0 0 0 100
0 0 0 100
0 0 0 100
0 0 0 100
0 0 0 100
0 0 0 100
80 0 0 20
100 0 0 0
100 0 0 0
100 0 0 0
100 0 0 0
100 0 0 0
100 0 0 0
100 0 0 0
100 0 0 0
100 0 0 0
96 0 1 3
100 0 0 0
100 0 0 0
100 0 0 0
98 0 0 2
100 0 0 0
100 0 0 0
100 0 0 0
100 0 0 0
100 0 0 0
100 0 0 0
100 0 0 0
100 0 0 0
100 0 0 0
100 0 0 0
100 0 0 0
100 0 0 0
100 0 0 0
100 0 0 0
100 0 0 0
100 0 0 0
100 0 0 0
100 0 0 0
100 0 0 0
46 0 31 23
0 0 16 84
0 0 0 100
0 0 0 100
0 0 0 100
0 0 9 91
0 0 0 100
0 0 0 100
0 0 0 100
0 0 0 100
0 0 0 100
0 0 0 100
0 0 0 100
0 0 0 100
0 0 0 100
0 0 0 100
0 0 0 100
0 0 0 100
0 0 2 98
0 0 0 100
0 0 0 100
0 0 0 100
0 0 0 100
0 0 2 98
0 0 0 100
0 0 0 100
0 0 0 100
0 0 0 100
0 0 0 100
0 0 0 100
0 0 0 100
0 0 0 100
0 0 0 100
0 0 0 100
0 0 0 100
0 0 0 100
0 0 0 100
0 0 0 100
0 0 0 100
0 0 1 99
0 0 0 100
0 0 3 97
0 0 0 100
0 0 0 100
0 0 0 100
0 0 0 100
0 0 0 100
0 0 0 100
0 0 0 100
0 0 0 100
0 0 0 100
0 0 0 100
0 0 0 100
13 0 0 87
100 0 0 0
100 0 0 0
100 0 0 0
100 0 0 0
100 0 0 0
99 0 1 0
100 0 0 0
100 0 0 0
100 0 0 0
100 0 0 0
100 0 0 0
100 0 0 0
100 0 0 0
100 0 0 0
100 0 0 0
100 0 0 0
100 0 0 0
100 0 0 0
100 0 0 0
100 0 0 0
100 0 0 0
18 0 0 82
0 0 0 100
0 0 0 100
0 0 0 100
0 0 0 100
0 0 0 100
1 0 0 99
0 0 0 100
0 0 0 100
0 0 0 100
0 0 0 100
0 0 0 100
0 0 0 100
0 0 0 100
0 0 0 100
0 0 0 100
0 0 0 100
0 0 0 100
0 0 0 100
0 0 0 100
0 0 0 100
0 0 0 100
0 0 0 100
0 0 0 100
0 0 0 100
0 0 0 100
0 0 0 100
0 0 0 100
0 0 0 100
0 0 0 100
0 0 0 100
0 0 0 100
0 0 0 100
1 0 1 98
56 0 0 44
100 0 0 0
100 0 0 0
100 0 0 0
100 0 0 0
100 0 0 0
99 0 1 0
100 0 0 0
100 0 0 0
100 0 0 0
100 0 0 0
100 0 0 0
98 0 0 2
100 0 0 0
100 0 0 0
100 0 0 0
100 0 0 0
100 0 0 0
100 0 0 0
100 0 0 0
100 0 0 0
100 0 0 0
100 0 0 0
100 0 0 0
100 0 0 0
100 0 0 0
100 0 0 0
100 0 0 0
96 0 0 4
78 0 1 21
100 0 0 0
100 0 0 0
100 0 0 0
100 0 0 0
100 0 0 0
100 0 0 0
100 0 0 0
100 0 0 0
100 0 0 0
100 0 0 0
100 0 0 0
100 0 0 0
100 0 0 0
100 0 0 0
100 0 0 0
100 0 0 0
100 0 0 0
100 0 0 0
100 0 0 0
100 0 0 0
100 0 0 0
100 0 0 0
100 0 0 0
100 0 0 0
100 0 0 0
100 0 0 0
100 0 0 0
100 0 0 0
100 0 0 0
100 0 0 0
100 0 0 0
100 0 0 0
100 0 0 0
100 0 0 0
100 0 0 0
100 0 0 0
100 0 0 0
100 0 0 0
98 0 0 2
100 0 0 0
100 0 0 0
100 0 0 0
100 0 0 0
100 0 0 0
100 0 0 0
100 0 0 0
100 0 0 0
100 0 0 0
100 0 0 0
100 0 0 0
100 0 0 0
100 0 0 0
100 0 0 0
33 0 0 67
0 0 0 100
0 0 0 100
0 0 0 100
0 0 0 100
0 0 0 100
0 0 0 100
0 0 0 100
0 0 0 100
0 0 0 100
0 0 0 100
0 0 0 100
0 0 0 100
0 0 0 100
0 0 0 100
0 0 0 100
0 0 0 100
0 0 0 100
0 0 0 100
0 0 0 100
0 0 0 100
0 0 0 100
0 0 0 100
1 0 0 99
0 0 0 100
0 0 0 100
0 0 0 100
0 0 0 100
28 0 0 72
100 0 0 0
100 0 0 0
100 0 0 0
100 0 0 0
100 0 0 0
100 0 0 0
100 0 0 0
100 0 0 0
100 0 0 0
100 0 0 0
100 0 0 0
100 0 0 0
100 0 0 0
100 0 0 0
100 0 0 0
100 0 0 0
100 0 0 0
100 0 0 0
100 0 0 0
100 0 0 0
100 0 0 0
100 0 0 0
100 0 0 0
100 0 0 0
100 0 0 0
100 0 0 0
100 0 0 0
99 0 1 0
100 0 0 0
2 0 0 98
0 0 0 100
0 0 0 100
0 0 0 100
0 0 0 100
57 0 0 43
100 0 0 0
100 0 0 0
100 0 0 0
100 0 0 0
100 0 0 0
93 0 0 7
8 0 90 2
15 0 67 18
93 0 0 7
100 0 0 0
100 0 0 0
100 0 0 0
100 0 0 0
24 0 1 75
0 0 0 100
0 0 0 100
0 0 0 100
0 0 0 100
0 0 0 100
0 0 0 100
0 0 0 100
0 0 0 100
0 0 0 100
0 0 0 100
0 0 0 100
0 0 0 100
0 0 0 100
0 0 0 100
0 0 0 100
0 0 0 100
0 0 0 100
0 0 0 100
0 0 0 100
0 0 1 99
0 0 0 100
0 0 0 100
0 0 0 100
0 0 0 100
0 0 0 100
0 0 0 100
0 0 0 100
0 0 0 100
0 0 0 100
0 0 0 100
0 0 0 100
0 0 0 100
0 0 0 100
0 0 0 100
0 0 0 100
0 0 0 100
0 0 0 100
0 0 0 100
0 0 0 100
0 0 0 100
0 0 0 100
0 0 0 100
0 0 0 100
0 0 0 100
0 0 0 100
0 0 0 100
0 0 0 100
0 0 0 100
0 0 0 100
0 0 0 100
0 0 0 100
0 0 0 100
0 0 0 100
0 0 0 100
0 0 0 100
0 0 0 100
0 0 0 100
0 0 0 100
0 0 0 100
0 0 0 100
0 0 0 100
0 0 0 100
0 0 0 100
0 0 0 100
0 0 0 100
0 0 0 100
0 0 0 100
0 0 0 100
0 0 0 100
0 0 0 100
0 0 0 100
0 0 0 100
0 0 0 100
0 0 0 100
0 0 0 100
0 0 0 100
0 0 0 100
0 0 0 100
0 0 0 100
0 0 0 100
0 0 0 100
0 0 0 100
0 0 1 99
0 0 0 100
0 0 0 100
0 0 0 100
0 0 0 100
0 0 0 100
0 0 0 100
0 0 0 100
2 0 0 98
0 0 0 100
0 0 0 100
0 0 0 100
0 0 0 100
0 0 0 100
0 0 0 100
0 0 0 100
0 0 0 100
0 0 0 100
0 0 0 100
0 0 0 100
0 0 0 100
0 0 0 100
0 0 0 100
0 0 0 100
0 0 0 100
0 0 0 100
0 0 0 100
0 0 0 100
0 0 0 100
0 0 0 100
0 0 0 100
0 0 0 100
0 0 0 100
0 0 0 100
0 0 0 100
0 0 0 100
0 0 0 100
0 0 0 100
0 0 0 100
0 0 0 100
0 0 0 100
0 0 0 100
0 0 0 100
0 0 0 100
0 0 0 100
0 0 0 100
0 0 0 100
0 0 0 100
0 0 0 100
0 0 0 100
0 0 0 100
0 0 0 100
0 0 0 100
0 0 0 100
0 0 0 100
0 0 0 100
0 0 0 100
0 0 0 100
0 0 0 100
0 0 0 100
0 0 0 100
0 0 0 100
0 0 0 100
0 0 0 100
0 0 0 100
0 0 0 100
0 0 0 100
0 0 0 100
0 0 0 100
0 0 0 100
0 0 0 100
0 0 0 100
0 0 0 100
0 0 0 100
0 0 0 100
0 0 0 100
0 0 0 100
0 0 0 100
0 0 0 100
0 0 0 100
0 0 0 100
0 0 0 100
0 0 0 100
0 0 0 100
0 0 0 100
0 0 0 100
0 0 0 100
0 0 0 100
0 0 0 100
0 0 0 100
0 0 0 100
0 0 0 100
0 0 0 100
0 0 0 100
0 0 0 100
0 0 0 100
0 0 0 100
0 0 0 100
0 0 0 100
0 0 0 100
0 0 0 100
0 0 0 100
0 0 0 100
0 0 0 100
0 0 0 100
0 0 0 100
0 0 0 100
0 0 0 100
0 0 0 100
0 0 0 100
0 0 0 100
0 0 0 100
0 0 0 100
0 0 0 100
0 0 0 100
0 0 0 100
0 0 0 100
0 0 0 100
0 0 0 100
0 0 0 100
0 0 0 100
0 0 0 100
0 0 0 100
0 0 0 100
0 0 0 100
0 0 0 100
0 0 0 100
0 0 0 100
0 0 0 100
0 0 0 100
0 0 0 100
0 0 0 100
0 0 0 100
0 0 0 100
0 0 0 100
0 0 0 100
0 0 0 100
0 0 0 100
0 0 0 100
0 0 0 100
0 0 0 100
0 0 0 100
0 0 0 100
0 0 0 100
0 0 0 100
0 0 0 100
0 0 1 99
0 0 0 100
0 0 0 100
0 0 0 100
0 0 0 100
0 0 0 100
0 0 0 100
0 0 6 94
0 0 0 100
0 0 0 100
0 0 0 100
0 0 0 100
0 0 0 100
0 0 4 96
0 0 0 100
0 0 0 100
0 0 2 98
0 0 0 100
0 0 0 100
0 0 1 99
0 0 0 100
0 0 0 100
0 0 0 100
0 0 0 100
0 0 0 100
0 0 0 100
0 0 0 100
1 0 1 98
0 0 0 100
0 0 0 100
0 0 0 100
0 0 0 100
0 0 0 100
0 0 0 100
0 0 0 100
0 0 0 100
0 0 0 100
0 0 0 100
0 0 0 100
0 0 1 99
0 0 0 100
0 0 0 100
0 0 0 100
0 0 0 100
0 0 0 100
0 0 0 100
0 0 0 100
0 0 0 100
0 0 0 100
0 0 0 100
0 0 0 100
0 0 0 100
0 0 0 100
0 0 0 100
0 0 0 100
0 0 0 100
0 0 0 100
0 0 0 100
0 0 0 100
0 0 0 100
0 0 0 100
0 0 0 100
0 0 0 100
0 0 0 100
0 0 0 100
0 0 0 100
0 0 0 100
0 0 0 100
0 0 0 100
0 0 0 100
0 0 0 100
0 0 0 100
0 0 0 100
0 0 0 100
0 0 0 100
0 0 0 100
0 0 0 100
0 0 0 100
0 0 0 100
0 0 0 100
0 0 0 100
0 0 0 100
0 0 0 100
0 0 0 100
0 0 0 100
0 0 0 100
0 0 0 100
0 0 0 100
0 0 0 100
0 0 0 100
0 0 0 100
0 0 0 100
0 0 0 100
0 0 0 100
0 0 0 100
0 0 0 100
0 0 0 100
0 0 0 100
0 0 0 100
0 0 0 100
0 0 0 100
0 0 0 100
0 0 0 100
1 0 0 99
0 0 0 100
0 0 0 100
0 0 0 100
0 0 0 100
0 0 0 100
0 0 0 100
0 0 0 100
0 0 0 100
0 0 1 99
0 0 0 100
0 0 0 100
0 0 0 100
0 0 0 100
0 0 0 100
0 0 0 100
0 0 0 100
0 0 0 100
0 0 0 100
0 0 0 100
0 0 0 100
0 0 0 100
0 0 0 100
0 0 0 100
0 0 0 100
0 0 0 100
0 0 0 100
0 0 0 100
0 0 0 100
0 0 0 100
0 0 0 100
0 0 0 100
0 0 0 100
0 0 0 100
0 0 0 100
0 0 0 100
0 0 0 100
0 0 0 100
0 0 0 100
0 0 2 98
0 0 0 100
0 0 0 100
0 0 0 100
0 0 0 100
0 0 0 100
0 0 0 100
0 0 0 100
0 0 0 100
0 0 0 100
0 0 0 100
0 0 0 100
0 0 0 100
0 0 0 100
0 0 0 100
0 0 0 100
0 0 0 100
0 0 0 100
0 0 0 100
0 0 0 100
0 0 0 100
0 0 0 100
0 0 1 99
0 0 0 100
0 0 0 100
0 0 0 100
0 0 0 100
0 0 0 100
0 0 0 100
0 0 0 100
0 0 0 100
0 0 0 100
0 0 0 100
0 0 0 100
0 0 0 100
0 0 0 100
0 0 0 100
0 0 0 100
0 0 0 100
0 0 0 100
0 0 0 100
0 0 0 100
0 0 0 100
0 0 0 100
0 0 0 100
0 0 0 100
0 0 0 100
0 0 0 100
0 0 0 100
0 0 0 100
0 0 0 100
0 0 0 100
0 0 0 100
0 0 0 100
0 0 0 100
0 0 0 100
0 0 0 100
0 0 0 100
0 0 0 100
0 0 0 100
0 0 0 100
0 0 0 100
0 0 0 100
0 0 0 100
0 0 0 100
0 0 0 100
0 0 0 100
0 0 3 97
0 0 0 100
0 0 0 100
0 0 0 100
0 0 0 100
0 0 0 100
0 0 0 100
0 0 0 100
0 0 0 100
0 0 0 100
0 0 0 100
0 0 0 100
2 0 0 98
0 0 0 100
0 0 0 100
0 0 0 100
0 0 0 100
0 0 0 100
0 0 0 100
0 0 0 100
0 0 0 100
0 0 0 100
0 0 0 100
0 0 0 100
0 0 0 100
0 0 0 100
0 0 0 100
0 0 0 100
0 0 0 100
0 0 0 100
0 0 0 100
0 0 0 100
0 0 0 100
0 0 0 100
0 0 0 100
0 0 0 100
0 0 0 100
0 0 0 100
0 0 0 100
0 0 0 100
0 0 0 100
0 0 0 100
0 0 0 100
0 0 0 100
0 0 0 100
0 0 0 100
0 0 0 100
0 0 0 100
0 0 0 100
0 0 0 100
0 0 0 100
0 0 0 100
0 0 0 100
0 0 0 100
0 0 0 100
0 0 0 100
0 0 0 100
0 0 0 100
0 0 0 100
0 0 0 100
0 0 0 100
0 0 0 100
0 0 0 100
0 0 0 100
0 0 0 100
0 0 0 100
0 0 0 100
0 0 0 100
0 0 0 100
0 0 0 100
0 0 0 100
0 0 0 100
0 0 0 100
0 0 0 100
0 0 0 100
0 0 0 100
0 0 0 100
0 0 0 100
0 0 0 100
0 0 0 100
0 0 0 100
0 0 0 100
0 0 0 100
0 0 0 100
0 0 0 100
0 0 0 100
0 0 0 100
0 0 0 100
0 0 0 100
0 0 0 100
0 0 0 100
0 0 0 100
2 0 16 82
5 0 1 94
0 0 0 100
0 0 0 100
0 0 0 100
0 0 0 100
0 0 0 100
0 0 0 100
0 0 0 100
0 0 32 68
0 0 100 0
3 0 27 70
0 0 0 100
23 0 0 77
84 0 0 16
100 0 0 0
100 0 0 0
100 0 0 0
100 0 0 0
100 0 0 0
100 0 0 0
100 0 0 0
97 0 1 2
100 0 0 0
99 0 0 1
100 0 0 0
100 0 0 0
100 0 0 0
100 0 0 0
100 0 0 0
100 0 0 0
100 0 0 0
100 0 0 0
100 0 0 0
100 0 0 0
99 0 0 1
100 0 0 0
100 0 0 0
100 0 0 0
100 0 0 0
100 0 0 0
100 0 0 0
100 0 0 0
100 0 0 0
100 0 0 0
100 0 0 0
100 0 0 0
100 0 0 0
100 0 0 0
99 0 0 1
100 0 0 0
100 0 0 0
100 0 0 0
100 0 0 0
100 0 0 0
100 0 0 0
100 0 0 0
100 0 0 0
100 0 0 0
100 0 0 0
100 0 0 0
100 0 0 0
92 0 0 8
0 0 0 100
0 0 0 100
0 0 0 100
0 0 0 100
0 0 0 100
0 0 0 100
0 0 0 100
0 0 0 100
0 0 0 100
0 0 0 100
0 0 0 100
4 0 0 96
0 0 0 100
0 0 0 100
0 0 0 100
0 0 0 100
0 0 0 100
0 0 0 100
0 0 0 100
0 0 0 100
0 0 0 100
17 0 0 83
94 0 0 6
100 0 0 0
100 0 0 0
100 0 0 0
100 0 0 0
100 0 0 0
100 0 0 0
100 0 0 0
100 0 0 0
100 0 0 0
100 0 0 0
100 0 0 0
100 0 0 0
100 0 0 0
100 0 0 0
100 0 0 0
100 0 0 0
100 0 0 0
100 0 0 0
100 0 0 0
39 0 60 1
0 0 100 0
4 0 23 73
0 0 0 100
0 0 0 100
0 0 0 100
0 0 0 100
1 0 1 98
0 0 0 100
0 0 0 100
0 0 0 100
0 0 0 100
0 0 0 100
0 0 0 100
0 0 0 100
0 0 0 100
0 0 0 100
0 0 0 100
0 0 0 100
0 0 0 100
0 0 0 100
73 0 0 27
100 0 0 0
100 0 0 0
100 0 0 0
100 0 0 0
100 0 0 0
100 0 0 0
100 0 0 0
100 0 0 0
100 0 0 0
100 0 0 0
100 0 0 0
100 0 0 0
100 0 0 0
100 0 0 0
100 0 0 0
100 0 0 0
100 0 0 0
100 0 0 0
100 0 0 0
100 0 0 0
100 0 0 0
100 0 0 0
100 0 0 0
100 0 0 0
100 0 0 0
100 0 0 0
100 0 0 0
100 0 0 0
51 0 0 49
0 0 0 100
0 0 0 100
0 0 0 100
0 0 0 100
0 0 0 100
0 0 0 100
0 0 0 100
0 0 0 100
0 0 0 100
0 0 0 100
0 0 0 100
0 0 0 100
0 0 0 100
0 0 0 100
0 0 0 100
0 0 0 100
0 0 0 100
0 0 0 100
0 0 0 100
0 0 0 100
0 0 0 100
0 0 0 100
0 0 0 100
0 0 0 100
0 0 0 100
0 0 0 100
9 0 0 91
1 0 14 85
0 0 0 100
0 0 0 100
0 0 0 100
0 0 0 100
0 0 0 100
0 0 0 100
0 0 0 100
0 0 0 100
0 0 77 23
0 0 100 0
0 0 100 0
0 0 100 0
0 0 100 0
0 0 100 0
0 0 100 0
0 0 100 0
0 0 100 0
0 0 100 0
0 0 98 2
0 0 100 0
0 0 100 0
0 0 98 2
0 0 100 0
0 0 100 0
0 0 100 0
0 0 100 0
0 0 100 0
0 0 100 0
0 0 100 0
0 0 100 0
0 0 100 0
0 0 100 0
0 0 100 0
0 0 100 0
0 0 98 2
0 0 100 0
0 0 100 0
0 0 100 0
0 0 100 0
0 0 100 0
0 0 100 0
0 0 100 0
0 0 100 0
0 0 98 2
0 0 100 0
0 0 100 0
0 0 100 0
0 0 99 1
0 0 100 0
0 0 84 16
0 0 0 100
0 0 0 100
0 0 0 100
0 0 0 100
0 0 0 100
0 0 0 100
2 0 3 95
0 0 0 100
0 0 0 100
0 0 0 100
0 0 0 100
0 0 0 100
0 0 0 100
0 0 0 100
0 0 0 100
0 0 0 100
0 0 0 100
0 0 0 100
0 0 0 100
0 0 0 100
0 0 0 100
0 0 0 100
0 0 0 100
1 0 0 99
0 0 0 100
0 0 0 100
0 0 0 100
0 0 0 100
0 0 0 100
0 0 0 100
0 0 0 100
0 0 0 100
0 0 0 100
0 0 0 100
0 0 0 100
0 0 0 100
0 0 0 100
0 0 0 100
0 0 0 100
0 0 0 100
0 0 0 100
0 0 0 100
0 0 0 100
0 0 0 100
0 0 0 100
0 0 0 100
0 0 0 100
0 0 0 100
0 0 0 100
0 0 0 100
0 0 0 100
0 0 0 100
0 0 0 100
0 0 0 100
44 0 0 56
100 0 0 0
100 0 0 0
100 0 0 0
100 0 0 0
100 0 0 0
100 0 0 0
100 0 0 0
100 0 0 0
100 0 0 0
100 0 0 0
100 0 0 0
100 0 0 0
100 0 0 0
100 0 0 0
100 0 0 0
100 0 0 0
100 0 0 0
100 0 0 0
97 0 0 3
95 0 0 5
100 0 0 0
100 0 0 0
100 0 0 0
100 0 0 0
100 0 0 0
67 0 0 33
0 0 0 100
0 0 0 100
10 0 0 90
100 0 0 0
100 0 0 0
100 0 0 0
100 0 0 0
100 0 0 0
100 0 0 0
100 0 0 0
100 0 0 0
100 0 0 0
100 0 0 0
100 0 0 0
100 0 0 0
100 0 0 0
99 0 0 1
100 0 0 0
100 0 0 0
100 0 0 0
100 0 0 0
100 0 0 0
100 0 0 0
100 0 0 0
100 0 0 0
100 0 0 0
100 0 0 0
100 0 0 0
100 0 0 0
100 0 0 0
100 0 0 0
100 0 0 0
100 0 0 0
100 0 0 0
100 0 0 0
100 0 0 0
100 0 0 0
100 0 0 0
100 0 0 0
100 0 0 0
100 0 0 0
100 0 0 0
100 0 0 0
100 0 0 0
100 0 0 0
100 0 0 0
100 0 0 0
100 0 0 0
100 0 0 0
100 0 0 0
100 0 0 0
100 0 0 0
100 0 0 0
100 0 0 0
100 0 0 0
100 0 0 0
100 0 0 0
100 0 0 0
100 0 0 0
100 0 0 0
100 0 0 0
100 0 0 0
100 0 0 0
100 0 0 0
100 0 0 0
100 0 0 0
100 0 0 0
100 0 0 0
100 0 0 0
100 0 0 0
100 0 0 0
100 0 0 0
100 0 0 0
100 0 0 0
100 0 0 0
100 0 0 0
100 0 0 0
100 0 0 0
100 0 0 0
100 0 0 0
100 0 0 0
100 0 0 0
100 0 0 0
100 0 0 0
100 0 0 0
100 0 0 0
90 0 0 10
43 0 0 57
78 0 0 22
99 0 0 1
100 0 0 0
85 0 0 15
100 0 0 0
100 0 0 0
100 0 0 0
99 0 0 1
100 0 0 0
100 0 0 0
100 0 0 0
100 0 0 0
100 0 0 0
100 0 0 0
100 0 0 0
99 0 0 1
100 0 0 0
100 0 0 0
100 0 0 0
100 0 0 0
100 0 0 0
100 0 0 0
100 0 0 0
100 0 0 0
100 0 0 0
100 0 0 0
100 0 0 0
100 0 0 0
100 0 0 0
100 0 0 0
100 0 0 0
99 0 0 1
100 0 0 0
100 0 0 0
100 0 0 0
100 0 0 0
100 0 0 0
100 0 0 0
100 0 0 0
100 0 0 0
89 0 0 11
100 0 0 0
100 0 0 0
100 0 0 0
100 0 0 0
100 0 0 0
100 0 0 0
100 0 0 0
100 0 0 0
100 0 0 0
100 0 0 0
100 0 0 0
100 0 0 0
100 0 0 0
100 0 0 0
100 0 0 0
100 0 0 0
100 0 0 0
100 0 0 0
100 0 0 0
100 0 0 0
100 0 0 0
100 0 0 0
100 0 0 0
100 0 0 0
100 0 0 0
100 0 0 0
100 0 0 0
100 0 0 0
100 0 0 0
100 0 0 0
100 0 0 0
100 0 0 0
100 0 0 0
100 0 0 0
100 0 0 0
100 0 0 0
100 0 0 0
100 0 0 0
100 0 0 0
100 0 0 0
100 0 0 0
100 0 0 0
100 0 0 0
100 0 0 0
100 0 0 0
99 0 0 1
100 0 0 0
100 0 0 0
100 0 0 0
100 0 0 0
100 0 0 0
100 0 0 0
100 0 0 0
100 0 0 0
100 0 0 0
100 0 0 0
100 0 0 0
100 0 0 0
100 0 0 0
100 0 0 0
91 0 0 9
100 0 0 0
100 0 0 0
100 0 0 0
100 0 0 0
100 0 0 0
100 0 0 0
100 0 0 0
100 0 0 0
100 0 0 0
41 0 1 58
0 0 1 99
0 0 0 100
0 0 0 100
0 0 0 100
0 0 0 100
0 0 0 100
0 0 0 100
0 0 0 100
0 0 0 100
0 0 0 100
0 0 0 100
0 0 0 100
0 0 0 100
0 0 0 100
0 0 0 100
0 0 0 100
0 0 0 100
0 0 0 100
0 0 0 100
0 0 0 100
0 0 0 100
0 0 0 100
0 0 0 100
0 0 0 100
0 0 0 100
0 0 0 100
0 0 0 100
0 0 0 100
0 0 0 100
0 0 0 100
0 0 0 100
0 0 0 100
0 0 0 100
0 0 0 100
0 0 0 100
0 0 0 100
0 0 0 100
0 0 0 100
0 0 0 100
0 0 0 100
0 0 0 100
0 0 0 100
0 0 0 100
0 0 0 100
0 0 0 100
0 0 0 100
0 0 0 100
0 0 0 100
0 0 0 100
0 0 0 100
0 0 0 100
0 0 0 100
0 0 0 100
0 0 0 100
0 0 0 100
0 0 0 100
0 0 0 100
0 0 0 100
0 0 0 100
0 0 0 100
0 0 0 100
0 0 0 100
0 0 0 100
0 0 0 100
0 0 0 100
0 0 0 100
0 0 0 100
0 0 0 100
0 0 0 100
0 0 0 100
0 0 0 100
0 0 0 100
9 0 0 91
7 0 0 93
0 0 0 100
0 0 0 100
0 0 0 100
0 0 0 100
0 0 0 100
0 0 0 100
0 0 0 100
0 0 0 100
0 0 0 100
0 0 0 100
0 0 0 100
0 0 0 100
0 0 0 100
0 0 0 100
0 0 0 100
0 0 0 100
0 0 0 100
0 0 0 100
0 0 0 100
0 0 0 100
0 0 0 100
0 0 0 100
0 0 0 100
0 0 0 100
0 0 0 100
0 0 0 100
0 0 0 100
0 0 0 100
0 0 0 100
0 0 0 100
0 0 0 100
0 0 0 100
11 0 0 89
97 0 0 3
100 0 0 0
100 0 0 0
100 0 0 0
100 0 0 0
100 0 0 0
100 0 0 0
100 0 0 0
100 0 0 0
100 0 0 0
100 0 0 0
100 0 0 0
100 0 0 0
100 0 0 0
100 0 0 0
100 0 0 0
100 0 0 0
100 0 0 0
100 0 0 0
100 0 0 0
100 0 0 0
100 0 0 0
100 0 0 0
100 0 0 0
100 0 0 0
100 0 0 0
99 0 0 1
96 0 0 4
100 0 0 0
100 0 0 0
100 0 0 0
100 0 0 0
100 0 0 0
100 0 0 0
100 0 0 0
100 0 0 0
100 0 0 0
100 0 0 0
100 0 0 0
100 0 0 0
100 0 0 0
100 0 0 0
100 0 0 0
100 0 0 0
100 0 0 0
100 0 0 0
100 0 0 0
100 0 0 0
100 0 0 0
100 0 0 0
99 0 0 1
100 0 0 0
100 0 0 0
100 0 0 0
100 0 0 0
100 0 0 0
100 0 0 0
100 0 0 0
100 0 0 0
100 0 0 0
100 0 0 0
100 0 0 0
99 0 0 1
100 0 0 0
100 0 0 0
100 0 0 0
100 0 0 0
100 0 0 0
100 0 0 0
100 0 0 0
100 0 0 0
100 0 0 0
100 0 0 0
100 0 0 0
100 0 0 0
100 0 0 0
100 0 0 0
100 0 0 0
100 0 0 0
100 0 0 0
100 0 0 0
100 0 0 0
99 0 0 1
100 0 0 0
100 0 0 0
100 0 0 0
100 0 0 0
100 0 0 0
100 0 0 0
100 0 0 0
100 0 0 0
100 0 0 0
100 0 0 0
91 0 0 9
98 0 0 2
100 0 0 0
100 0 0 0
100 0 0 0
100 0 0 0
100 0 0 0
100 0 0 0
100 0 0 0
100 0 0 0
100 0 0 0
100 0 0 0
100 0 0 0
100 0 0 0
100 0 0 0
100 0 0 0
100 0 0 0
100 0 0 0
100 0 0 0
100 0 0 0
100 0 0 0
100 0 0 0
100 0 0 0
100 0 0 0
100 0 0 0
100 0 0 0
100 0 0 0
100 0 0 0
100 0 0 0
100 0 0 0
100 0 0 0
100 0 0 0
100 0 0 0
96 0 0 4
100 0 0 0
100 0 0 0
100 0 0 0
100 0 0 0
100 0 0 0
100 0 0 0
100 0 0 0
100 0 0 0
100 0 0 0
100 0 0 0
100 0 0 0
100 0 0 0
100 0 0 0
100 0 0 0
100 0 0 0
99 0 0 1
100 0 0 0
100 0 0 0
100 0 0 0
100 0 0 0
100 0 0 0
100 0 0 0
100 0 0 0
100 0 0 0
100 0 0 0
100 0 0 0
100 0 0 0
100 0 0 0
100 0 0 0
100 0 0 0
100 0 0 0
100 0 0 0
100 0 0 0
100 0 0 0
100 0 0 0
100 0 0 0
100 0 0 0
100 0 0 0
100 0 0 0
100 0 0 0
100 0 0 0
100 0 0 0
100 0 0 0
100 0 0 0
100 0 0 0
100 0 0 0
100 0 0 0
100 0 0 0
100 0 0 0
100 0 0 0
100 0 0 0
100 0 0 0
100 0 0 0
100 0 0 0
100 0 0 0
100 0 0 0
100 0 0 0
100 0 0 0
100 0 0 0
100 0 0 0
100 0 0 0
100 0 0 0
93 0 0 7
100 0 0 0
100 0 0 0
100 0 0 0
100 0 0 0
100 0 0 0
100 0 0 0
100 0 0 0
100 0 0 0
100 0 0 0
100 0 0 0
100 0 0 0
100 0 0 0
100 0 0 0
100 0 0 0
100 0 0 0
100 0 0 0
100 0 0 0
100 0 0 0
100 0 0 0
100 0 0 0
100 0 0 0
100 0 0 0
100 0 0 0
100 0 0 0
100 0 0 0
100 0 0 0
100 0 0 0
100 0 0 0
100 0 0 0
100 0 0 0
95 0 0 5
94 0 0 6
100 0 0 0
100 0 0 0
100 0 0 0
100 0 0 0
100 0 0 0
100 0 0 0
100 0 0 0
100 0 0 0
100 0 0 0
100 0 0 0
100 0 0 0
100 0 0 0
100 0 0 0
100 0 0 0
100 0 0 0
100 0 0 0
100 0 0 0
100 0 0 0
100 0 0 0
100 0 0 0
100 0 0 0
100 0 0 0
100 0 0 0
100 0 0 0
100 0 0 0
100 0 0 0
49 0 0 51
0 0 0 100
0 0 0 100
0 0 0 100
0 0 0 100
0 0 0 100
0 0 0 100
0 0 0 100
0 0 0 100
0 0 0 100
0 0 0 100
0 0 0 100
0 0 0 100
0 0 0 100
0 0 0 100
0 0 0 100
0 0 0 100
0 0 0 100
0 0 0 100
0 0 0 100
0 0 0 100
0 0 0 100
0 0 0 100
0 0 0 100
0 0 0 100
0 0 0 100
0 0 0 100
0 0 0 100
0 0 0 100
0 0 0 100
0 0 0 100
0 0 0 100
0 0 0 100
0 0 0 100
0 0 0 100
0 0 0 100
0 0 0 100
0 0 0 100
0 0 0 100
0 0 0 100
0 0 0 100
0 0 0 100
0 0 0 100
0 0 0 100
0 0 0 100
0 0 0 100
0 0 0 100
0 0 0 100
0 0 0 100
0 0 0 100
0 0 0 100
0 0 0 100
0 0 0 100
0 0 0 100
0 0 0 100
0 0 0 100
0 0 0 100
0 0 0 100
0 0 0 100
0 0 0 100
0 0 0 100
0 0 0 100
0 0 0 100
0 0 0 100
0 0 0 100
0 0 0 100
0 0 0 100
0 0 0 100
0 0 0 100
0 0 0 100
0 0 0 100
0 0 0 100
0 0 0 100
0 0 0 100
0 0 0 100
0 0 0 100
0 0 0 100
0 0 0 100
0 0 0 100
0 0 0 100
0 0 0 100
0 0 0 100
0 0 0 100
0 0 0 100
0 0 0 100
0 0 0 100
0 0 0 100
0 0 0 100
0 0 0 100
0 0 0 100
0 0 0 100
0 0 0 100
0 0 0 100
0 0 0 100
0 0 0 100
0 0 0 100
0 0 0 100
0 0 0 100
0 0 0 100
0 0 0 100
0 0 0 100
0 0 0 100
0 0 0 100
0 0 0 100
0 0 0 100
0 0 0 100
0 0 0 100
0 0 0 100
0 0 0 100
0 0 0 100
0 0 0 100
0 0 0 100
0 0 0 100
0 0 0 100
0 0 0 100
0 0 0 100
2 0 0 98
0 0 0 100
0 0 0 100
0 0 0 100
0 0 0 100
0 0 0 100
0 0 0 100
0 0 0 100
0 0 0 100
0 0 0 100
0 0 0 100
0 0 0 100
0 0 0 100
0 0 0 100
0 0 0 100
0 0 0 100
0 0 0 100
0 0 0 100
1 0 0 99
0 0 0 100
0 0 0 100
0 0 0 100
0 0 0 100
0 0 0 100
0 0 0 100
0 0 0 100
0 0 0 100
0 0 0 100
0 0 0 100
0 0 0 100
0 0 0 100
0 0 0 100
0 0 0 100
0 0 0 100
0 0 0 100
0 0 0 100
0 0 0 100
0 0 0 100
0 0 0 100
0 0 0 100
0 0 0 100
70 0 0 30
100 0 0 0
100 0 0 0
100 0 0 0
100 0 0 0
100 0 0 0
100 0 0 0
100 0 0 0
100 0 0 0
100 0 0 0
100 0 0 0
100 0 0 0
100 0 0 0
100 0 0 0
100 0 0 0
100 0 0 0
100 0 0 0
100 0 0 0
100 0 0 0
100 0 0 0
100 0 0 0
100 0 0 0
100 0 0 0
100 0 0 0
100 0 0 0
100 0 0 0
100 0 0 0
100 0 0 0
100 0 0 0
100 0 0 0
100 0 0 0
100 0 0 0
99 0 0 1
100 0 0 0
100 0 0 0
100 0 0 0
100 0 0 0
100 0 0 0
100 0 0 0
100 0 0 0
100 0 0 0
100 0 0 0
100 0 0 0
100 0 0 0
100 0 0 0
100 0 0 0
100 0 0 0
100 0 0 0
100 0 0 0
100 0 0 0
100 0 0 0
99 0 0 1
100 0 0 0
100 0 0 0
99 0 0 1
100 0 0 0
100 0 0 0
100 0 0 0
100 0 0 0
100 0 0 0
100 0 0 0
100 0 0 0
100 0 0 0
100 0 0 0
100 0 0 0
100 0 0 0
100 0 0 0
100 0 0 0
100 0 0 0
100 0 0 0
100 0 0 0
100 0 0 0
100 0 0 0
100 0 0 0
100 0 0 0
100 0 0 0
100 0 0 0
100 0 0 0
100 0 0 0
100 0 0 0
100 0 0 0
100 0 0 0
100 0 0 0
97 0 0 3
100 0 0 0
100 0 0 0
100 0 0 0
100 0 0 0
87 0 0 13
100 0 0 0
100 0 0 0
100 0 0 0
100 0 0 0
100 0 0 0
100 0 0 0
100 0 0 0
100 0 0 0
100 0 0 0
100 0 0 0
100 0 0 0
100 0 0 0
100 0 0 0
100 0 0 0
100 0 0 0
100 0 0 0
100 0 0 0
100 0 0 0
100 0 0 0
100 0 0 0
100 0 0 0
100 0 0 0
100 0 0 0
100 0 0 0
97 0 0 3
100 0 0 0
100 0 0 0
100 0 0 0
100 0 0 0
100 0 0 0
100 0 0 0
100 0 0 0
100 0 0 0
100 0 0 0
100 0 0 0
100 0 0 0
100 0 0 0
86 0 0 14
0 0 0 100
0 0 0 100
0 0 0 100
0 0 0 100
0 0 0 100
0 0 0 100
0 0 0 100
0 0 0 100
0 0 0 100
0 0 0 100
0 0 0 100
0 0 0 100
0 0 0 100
0 0 0 100
0 0 0 100
0 0 0 100
0 0 0 100
0 0 0 100
0 0 0 100
0 0 0 100
0 0 0 100
0 0 0 100
0 0 0 100
0 0 0 100
0 0 0 100
0 0 0 100
0 0 0 100
0 0 0 100
0 0 0 100
0 0 0 100
0 0 0 100
0 0 0 100
0 0 0 100
0 0 0 100
0 0 0 100
0 0 0 100
0 0 0 100
0 0 0 100
0 0 0 100
0 0 0 100
0 0 0 100
0 0 0 100
0 0 0 100
0 0 0 100
0 0 0 100
0 0 0 100
0 0 0 100
0 0 0 100
0 0 0 100
0 0 0 100
0 0 0 100
0 0 0 100
0 0 0 100
0 0 0 100
0 0 0 100
0 0 0 100
0 0 0 100
0 0 0 100
0 0 0 100
0 0 0 100
0 0 0 100
0 0 0 100
0 0 0 100
0 0 0 100
0 0 0 100
0 0 0 100
0 0 0 100
0 0 0 100
0 0 0 100
0 0 0 100
0 0 0 100
0 0 0 100
0 0 0 100
0 0 0 100
0 0 0 100
0 0 0 100
0 0 0 100
0 0 0 100
0 0 0 100
0 0 0 100
0 0 0 100
0 0 0 100
0 0 0 100
0 0 0 100
0 0 0 100
0 0 0 100
0 0 0 100
0 0 0 100
0 0 0 100
0 0 0 100
0 0 0 100
0 0 0 100
0 0 0 100
0 0 0 100
0 0 0 100
0 0 0 100
0 0 0 100
0 0 0 100
0 0 0 100
0 0 0 100
0 0 0 100
0 0 0 100
0 0 0 100
0 0 0 100
0 0 0 100
0 0 0 100
0 0 0 100
0 0 0 100
0 0 0 100
0 0 0 100
0 0 0 100
0 0 0 100
0 0 0 100
0 0 0 100
0 0 0 100
0 0 0 100
0 0 0 100
0 0 0 100
0 0 0 100
0 0 0 100
0 0 0 100
0 0 0 100
0 0 0 100
0 0 0 100
0 0 0 100
0 0 0 100
0 0 0 100
0 0 0 100
0 0 0 100
0 0 0 100
0 0 0 100
0 0 0 100
0 0 0 100
0 0 0 100
0 0 0 100
0 0 0 100
0 0 0 100
0 0 0 100
0 0 0 100
0 0 0 100
0 0 0 100
0 0 0 100
0 0 0 100
0 0 0 100
0 0 0 100
0 0 0 100
0 0 0 100
0 0 0 100
0 0 0 100
0 0 0 100
0 0 0 100
0 0 0 100
0 0 0 100
0 0 0 100
0 0 0 100
0 0 0 100
0 0 0 100
0 0 0 100
0 0 0 100
0 0 0 100
0 0 0 100
0 0 0 100
0 0 0 100
0 0 0 100
0 0 0 100
0 0 0 100
0 0 0 100
0 0 0 100
6 0 0 94
0 0 0 100
0 0 0 100
0 0 0 100
